0	POINT(-11.534311483596902 17.918959897239922)
1	POINT(6.749829482178406 4.610068207128639)
2	POINT(-12.278162774094863 17.08721332381439)
3	POINT(-12.41132183908046 15.5)
4	POINT(0.12246074837051174 -0.48554991172217654)
5	POINT(0.17494093514917514 -0.4692025371564088)
6	POINT(0.06850500496584076 -0.4960467880749852)
7	POINT(0.22531321993104192 -0.4472016375072715)
8	POINT(6.359697227076859 4.60458415388556)
9	POINT(5.347722327904112 6.907421049815615)
10	POINT(-6.086931358925856 -0.9997903157216615)
11	POINT(-6.041516780662588 -1.0001739981103341)
12	POINT(-11.579102711376713 17.885937359062904)
13	POINT(-11.619953426687795 17.84814898555666)
14	POINT(-12.906224421857134 16.361130494031414)
15	POINT(-12.83483504910075 17.11400731747215)
16	POINT(-11.544651162790696 13.0)
17	POINT(0.22515685496602797 19.447291502429692)
18	POINT(0.17443811136912166 19.46940030122059)
19	POINT(0.12158993361074058 19.485778947185388)
20	POINT(-0.8649999999999999 19.67550778057207)
21	POINT(-0.8649999999999999 19.4982)
22	POINT(-4.989014199588805 20.653584707284523)
23	POINT(-6.2921245109611 21.693047456997718)
24	POINT(-9.759601243633583 18.94480396658288)
25	POINT(-12.41132183908046 9.5)
26	POINT(-13.281321839080459 10.0)
27	POINT(-12.41132183908046 10.5)
28	POINT(-12.69867816091954 10.0)
29	POINT(-16.089076484791885 8.960293578709901)
30	POINT(-16.077786414038773 9.112775670439545)
31	POINT(-16.06373562319338 9.161952143800171)
32	POINT(-13.568678160919541 9.5)
33	POINT(-8.834438111369135 -0.4694003012205845)
34	POINT(-8.781589933610737 -0.4857789471853862)
35	POINT(-14.530519951316425 3.826395284709422)
36	POINT(-13.281321839080459 6.0)
37	POINT(4.815549442140351 4.0)
38	POINT(5.28004509476029 7.853821535117096)
39	POINT(5.673077294349985 8.83640203409134)
40	POINT(5.686477510327853 8.88207607187611)
41	POINT(5.695478876403569 8.928816406968942)
42	POINT(5.7 8.976200401706022)
43	POINT(4.326034482758621 7.5)
44	POINT(3.1753488372093024 7.5)
45	POINT(-12.703034682080924 4.0)
46	POINT(-14.9823957611214 1.8389775189716977)
47	POINT(-14.776071561797782 2.206823099044918)
48	POINT(-11.256034482758622 2.5)
49	POINT(-12.2693170070735 1.912296135897371)
50	POINT(-8.951321839080459 5.5)
51	POINT(-8.36867816091954 5.5)
52	POINT(-10.105348837209302 2.5)
53	POINT(-7.795 -0.4982000000000003)
54	POINT(-7.795 -0.6755077805720674)
55	POINT(-1.5163347661428845 -0.6268091454271907)
56	POINT(-2.895617421357789 -1.8787168531436)
57	POINT(-8.36867816091954 6.5)
58	POINT(-8.08132183908046 6.0)
59	POINT(-8.08132183908046 7.0)
60	POINT(-4.03867816091954 7.0)
61	POINT(-3.75132183908046 6.5)
62	POINT(-4.03867816091954 6.0)
63	POINT(-4.62132183908046 6.0)
64	POINT(-4.908678160919541 5.5)
65	POINT(-4.03867816091954 8.0)
66	POINT(-3.1753488372093024 7.5)
67	POINT(-3.75132183908046 7.5)
68	POINT(-3.75132183908046 8.5)
69	POINT(-16.090523304043913 9.011417516054587)
70	POINT(-16.086746810336262 9.06242230358328)
71	POINT(-13.44393309123924 15.711458473685527)
72	POINT(-12.986034482758619 14.5)
73	POINT(-11.835348837209303 13.5)
74	POINT(-14.213224584262305 13.788229741127862)
75	POINT(-14.513139758547457 13.5)
76	POINT(-17.156196076775053 13.39647843071002)
77	POINT(-13.568678160919541 10.5)
78	POINT(-1.1217081972053597 20.17711737453213)
79	POINT(-1.4453488372093024 18.5)
80	POINT(-4.62132183908046 15.0)
81	POINT(-4.03867816091954 15.0)
82	POINT(-3.7513218390804597 14.5)
83	POINT(-5.195 18.0)
84	POINT(-5.195 17.9982)
85	POINT(-5.774827089337176 19.003100864553314)
86	POINT(-11.544651162790696 14.0)
87	POINT(-11.835348837209303 14.5)
88	POINT(-12.126046511627907 17.0)
89	POINT(-5.775348837209302 13.0)
90	POINT(-6.35132183908046 13.0)
91	POINT(-6.505353379221915 22.051648918007874)
92	POINT(-10.893745968720143 18.86283052588585)
93	POINT(-11.074766122842243 18.184593053745502)
94	POINT(-10.211939859599045 18.68333655851036)
95	POINT(-9.814651162790698 18.0)
96	POINT(-7.214651162790697 10.5)
97	POINT(-8.08132183908046 11.0)
98	POINT(-7.5053488372093025 11.0)
99	POINT(-8.95132183908046 6.5)
100	POINT(-9.238678160919541 7.0)
101	POINT(-9.814651162790698 7.0)
102	POINT(-9.238678160919541 6.0)
103	POINT(-7.5053488372093025 13.0)
104	POINT(-8.08132183908046 13.0)
105	POINT(-11.835348837209303 9.5)
106	POINT(-11.544651162790696 9.0)
107	POINT(-12.69867816091954 9.0)
108	POINT(-13.281321839080459 9.0)
109	POINT(-15.58603448275862 8.0)
110	POINT(-10.76826631881334 0.6721718335815577)
111	POINT(-11.41999285710277 1.5)
112	POINT(-10.735713955406498 0.63800749222799)
113	POINT(-10.700089009849451 0.6070604109834936)
114	POINT(-8.88515685496602 -0.4472915024296978)
115	POINT(-9.344141937926729 -0.18350697199250895)
116	POINT(-0.8650000000000001 0.5)
117	POINT(-0.8650000000000001 0.5017999999999998)
118	POINT(1.188628666513158 0.11365610935829928)
119	POINT(1.1434466285401126 0.08046124100368846)
120	POINT(1.2298170556471355 0.1516933600610727)
121	POINT(0.29132183908045983 0.5)
122	POINT(0.6841419379267292 -0.1835069719925089)
123	POINT(1.8881627740948623 0.9127866761856125)
124	POINT(2.3086781609195404 4.0)
125	POINT(1.4453488372093024 4.5)
126	POINT(2.0213218390804597 4.5)
127	POINT(3.756744186046512 5.5)
128	POINT(2.8846511627906977 7.0)
129	POINT(0.2913218390804597 4.5)
130	POINT(0.5786781609195403 6.0)
131	POINT(0.29132183908045983 5.5)
132	POINT(1.1546511627906977 5.0)
133	POINT(0.5786781609195403 5.0)
134	POINT(-9.814651162790698 3.0)
135	POINT(-12.69867816091954 6.0)
136	POINT(-12.41132183908046 6.5)
137	POINT(-8.08132183908046 4.0)
138	POINT(-8.36867816091954 4.5)
139	POINT(-7.5053488372093025 5.0)
140	POINT(-8.08132183908046 5.0)
141	POINT(-7.538291802794641 -1.1771173745321302)
142	POINT(-6.132124196720636 -0.9952915888950208)
143	POINT(-6.844586032939365 -0.8582796973144964)
144	POINT(-1.4453488372093024 1.5)
145	POINT(-8.36867816091954 0.5)
146	POINT(-8.08132183908046 1.0)
147	POINT(-8.36867816091954 1.5)
148	POINT(-8.951321839080459 0.5)
149	POINT(-7.5053488372093025 8.0)
150	POINT(-8.36867816091954 10.5)
151	POINT(-9.238678160919541 9.0)
152	POINT(-8.95132183908046 9.5)
153	POINT(-7.214651162790697 5.5)
154	POINT(-7.5053488372093025 6.0)
155	POINT(-6.35132183908046 8.0)
156	POINT(-5.775348837209302 9.0)
157	POINT(-4.62132183908046 7.0)
158	POINT(-4.90867816091954 6.5)
159	POINT(-1.4453488372093024 6.5)
160	POINT(-1.1546511627906977 7.0)
161	POINT(-1.4453488372093024 7.5)
162	POINT(-2.0213218390804597 7.5)
163	POINT(-2.0213218390804597 5.5)
164	POINT(-2.3086781609195404 5.0)
165	POINT(-0.5786781609195403 6.0)
166	POINT(-1.1546511627906977 6.0)
167	POINT(-1.4453488372093024 5.5)
168	POINT(-0.29132183908045983 5.5)
169	POINT(-5.484651162790698 3.5)
170	POINT(-5.484651162790698 4.5)
171	POINT(-5.775348837209302 4.0)
172	POINT(1.4453488372093024 8.5)
173	POINT(1.4453488372093024 9.5)
174	POINT(1.1546511627906977 9.0)
175	POINT(-1.4453488372093024 9.5)
176	POINT(-2.0213218390804597 9.5)
177	POINT(-2.3086781609195404 13.0)
178	POINT(-13.386309165043805 15.806119230231793)
179	POINT(-13.417747750782866 15.760387786033878)
180	POINT(-14.607871438606038 13.440665434391503)
181	POINT(-14.67572087265392 13.42625431841782)
182	POINT(-12.69867816091954 11.0)
183	POINT(-13.281321839080459 11.0)
184	POINT(-15.670045094760289 10.146178464882903)
185	POINT(-15.736786397271368 11.079490867768918)
186	POINT(-14.726046511627906 10.5)
187	POINT(-14.144651162790698 9.5)
188	POINT(-15.011321839080459 9.0)
189	POINT(-14.435348837209302 9.0)
190	POINT(3.7513218390804597 12.5)
191	POINT(1.1383954163604226 18.922441754501882)
192	POINT(1.1747888574299084 18.8969847451181)
193	POINT(1.2685188429017689 18.80278022941095)
194	POINT(1.2401077519096777 18.836917478689184)
195	POINT(1.208782197655934 18.868401625975412)
196	POINT(0.6841419379267293 19.183506971992507)
197	POINT(-1.8154139670606342 19.858279697314497)
198	POINT(-2.5328795563501183 19.996253849100935)
199	POINT(-3.401790858290304 19.889480276259324)
200	POINT(-2.0213218390804597 18.5)
201	POINT(-2.8846511627906977 19.0)
202	POINT(-2.3086781609195404 19.0)
203	POINT(-2.3086781609195404 18.0)
204	POINT(-4.03867816091954 14.0)
205	POINT(-11.544651162790696 15.0)
206	POINT(-11.835348837209303 15.5)
207	POINT(-11.544651162790696 16.0)
208	POINT(-10.968678160919541 16.0)
209	POINT(-10.968678160919541 14.0)
210	POINT(-9.238678160919541 15.0)
211	POINT(-8.951321839080459 15.5)
212	POINT(-4.90867816091954 15.5)
213	POINT(-5.484651162790698 15.5)
214	POINT(-6.6386781609195396 17.5)
215	POINT(-5.775348837209302 15.0)
216	POINT(-6.35132183908046 15.0)
217	POINT(-9.238678160919541 16.0)
218	POINT(-9.814651162790698 16.0)
219	POINT(-9.238678160919541 18.0)
220	POINT(-7.795 19.67724174660342)
221	POINT(-8.582403992262085 19.14191705346397)
222	POINT(-9.624984315630336 18.99147256235744)
223	POINT(-10.105348837209302 5.5)
224	POINT(-10.105348837209302 6.5)
225	POINT(-9.814651162790698 6.0)
226	POINT(-8.36867816091954 11.5)
227	POINT(-8.08132183908046 12.0)
228	POINT(-8.36867816091954 12.5)
229	POINT(-8.951321839080459 12.5)
230	POINT(-10.681321839080459 12.5)
231	POINT(-10.105348837209302 12.5)
232	POINT(-10.968678160919541 13.0)
233	POINT(-10.681321839080459 13.5)
234	POINT(-10.68132183908046 11.5)
235	POINT(-10.968678160919541 12.0)
236	POINT(-11.835348837209303 10.5)
237	POINT(-10.68132183908046 10.5)
238	POINT(-10.968678160919541 10.0)
239	POINT(-11.544651162790696 10.0)
240	POINT(-11.544651162790696 11.0)
241	POINT(-10.968678160919541 11.0)
242	POINT(-16.04352748365873 7.440792435686763)
243	POINT(-15.740278401004701 7.910538527417274)
244	POINT(-15.423410993463492 7.0)
245	POINT(-15.183119391965636 6.309506892247542)
246	POINT(-15.159244899324898 6.25951899506849)
247	POINT(-14.659370440395534 5.614682842519679)
248	POINT(-15.129995116206786 6.212474001171382)
249	POINT(-12.69867816091954 7.0)
250	POINT(-9.780227652845664 0.06711700209883326)
251	POINT(3.3385164807134506 3.0)
252	POINT(3.027747750782863 2.2396122139661183)
253	POINT(3.053933091239239 2.2885415263144715)
254	POINT(0.5786781609195403 1.0)
255	POINT(1.736046511627907 1.0)
256	POINT(1.1546511627906977 2.0)
257	POINT(2.0213218390804597 3.5)
258	POINT(2.3086781609195404 3.0)
259	POINT(1.4453488372093024 2.5)
260	POINT(2.0213218390804597 2.5)
261	POINT(2.3086781609195404 7.0)
262	POINT(2.0213218390804597 7.5)
263	POINT(4.62132183908046 9.0)
264	POINT(1.1546511627906977 8.0)
265	POINT(1.1546511627906977 7.0)
266	POINT(1.4453488372093024 7.5)
267	POINT(-0.2913218390804597 6.5)
268	POINT(-0.5786781609195402 7.0)
269	POINT(0.2913218390804597 6.5)
270	POINT(0.5786781609195402 7.0)
271	POINT(-1.1546511627906977 8.0)
272	POINT(-1.4453488372093024 8.5)
273	POINT(-1.1546511627906977 9.0)
274	POINT(-2.0213218390804597 8.5)
275	POINT(-3.1753488372093024 8.5)
276	POINT(-2.3086781609195404 8.0)
277	POINT(-2.8846511627906977 8.0)
278	POINT(-2.8846511627906977 9.0)
279	POINT(-2.3086781609195404 9.0)
280	POINT(-0.29132183908045983 4.5)
281	POINT(-1.1546511627906977 5.0)
282	POINT(-0.5786781609195403 5.0)
283	POINT(1.4453488372093024 5.5)
284	POINT(1.1546511627906977 6.0)
285	POINT(1.4453488372093024 6.5)
286	POINT(2.0213218390804597 6.5)
287	POINT(2.596034482758621 5.5)
288	POINT(-0.2913218390804597 1.5)
289	POINT(0.2913218390804597 2.5)
290	POINT(0.2913218390804597 1.5)
291	POINT(0.5786781609195402 2.0)
292	POINT(-9.238678160919541 4.0)
293	POINT(-8.95132183908046 4.5)
294	POINT(-9.814651162790698 5.0)
295	POINT(-9.238678160919541 5.0)
296	POINT(-6.6386781609195396 4.5)
297	POINT(-7.214651162790697 4.5)
298	POINT(-6.351321839080459 4.0)
299	POINT(-7.5053488372093025 4.0)
300	POINT(-6.6386781609195396 3.5)
301	POINT(-7.214651162790697 3.5)
302	POINT(-7.5053488372093025 3.0)
303	POINT(-7.214651162790697 2.5)
304	POINT(-8.08132183908046 2.0)
305	POINT(-7.5053488372093025 2.0)
306	POINT(-3.7755575588221255 -0.8132136662753138)
307	POINT(-6.35132183908046 2.0)
308	POINT(-6.6386781609195396 2.5)
309	POINT(-5.775348837209302 3.0)
310	POINT(-6.35132183908046 3.0)
311	POINT(-5.775348837209302 1.0)
312	POINT(-6.35132183908046 0.0)
313	POINT(-5.193953488372093 0.0)
314	POINT(-7.214651162790697 1.5)
315	POINT(-6.6386781609195396 1.5)
316	POINT(-7.5053488372093025 1.0)
317	POINT(-6.351321839080459 1.0)
318	POINT(-7.214651162790697 0.5)
319	POINT(-6.6386781609195396 0.5)
320	POINT(-9.814651162790698 1.0)
321	POINT(-9.238678160919541 1.0)
322	POINT(-10.105348837209302 1.5)
323	POINT(-8.95132183908046 1.5)
324	POINT(-9.238678160919541 2.0)
325	POINT(-9.814651162790698 2.0)
326	POINT(-8.08132183908046 9.0)
327	POINT(-8.36867816091954 9.5)
328	POINT(-7.5053488372093025 10.0)
329	POINT(-8.08132183908046 10.0)
330	POINT(-8.36867816091954 7.5)
331	POINT(-8.36867816091954 8.5)
332	POINT(-8.08132183908046 8.0)
333	POINT(-8.951321839080459 8.5)
334	POINT(-9.238678160919541 8.0)
335	POINT(-8.951321839080459 7.5)
336	POINT(-10.105348837209302 10.5)
337	POINT(-8.95132183908046 10.5)
338	POINT(-9.814651162790698 10.0)
339	POINT(-9.238678160919541 10.0)
340	POINT(-10.968678160919541 9.0)
341	POINT(-9.814651162790698 9.0)
342	POINT(-10.681321839080459 9.5)
343	POINT(-10.105348837209302 9.5)
344	POINT(-7.214651162790697 6.5)
345	POINT(-7.5053488372093025 7.0)
346	POINT(-7.214651162790697 7.5)
347	POINT(-6.6386781609195396 7.5)
348	POINT(-5.484651162790698 5.5)
349	POINT(-6.6386781609195396 5.5)
350	POINT(-6.35132183908046 5.0)
351	POINT(-5.775348837209302 5.0)
352	POINT(-4.90867816091954 8.5)
353	POINT(-5.484651162790698 8.5)
354	POINT(-4.62132183908046 8.0)
355	POINT(-5.775348837209302 8.0)
356	POINT(-4.90867816091954 7.5)
357	POINT(-5.484651162790698 7.5)
358	POINT(-3.1753488372093024 6.5)
359	POINT(-2.0213218390804597 6.5)
360	POINT(-2.8846511627906977 6.0)
361	POINT(-2.3086781609195404 6.0)
362	POINT(-2.8846511627906977 7.0)
363	POINT(-2.3086781609195404 7.0)
364	POINT(-3.75132183908046 5.5)
365	POINT(-3.1753488372093024 5.5)
366	POINT(-2.8846511627906977 5.0)
367	POINT(-3.1753488372093024 4.5)
368	POINT(-4.908678160919541 3.5)
369	POINT(2.0213218390804597 8.5)
370	POINT(2.3086781609195404 8.0)
371	POINT(2.8846511627906977 8.0)
372	POINT(2.0213218390804597 9.5)
373	POINT(2.3086781609195404 9.0)
374	POINT(0.5786781609195402 9.0)
375	POINT(-0.5786781609195402 9.0)
376	POINT(0.2913218390804597 9.5)
377	POINT(-0.2913218390804597 9.5)
378	POINT(-2.0213218390804597 10.5)
379	POINT(-2.3086781609195404 10.0)
380	POINT(-1.4453488372093024 11.5)
381	POINT(-1.1546511627906977 12.0)
382	POINT(-2.0213218390804597 12.5)
383	POINT(-1.4453488372093024 12.5)
384	POINT(-0.2913218390804597 11.5)
385	POINT(-0.2913218390804597 12.5)
386	POINT(-0.5786781609195402 12.0)
387	POINT(2.0213218390804597 10.5)
388	POINT(2.3086781609195404 10.0)
389	POINT(2.8846511627906977 10.0)
390	POINT(4.03867816091954 13.0)
391	POINT(4.776211459750626 13.726724371835331)
392	POINT(4.753988447035729 13.765974443090196)
393	POINT(3.1753488372093024 12.5)
394	POINT(2.1700427616541433 17.5)
395	POINT(3.946109567790938 16.931507820911328)
396	POINT(-1.1546511627906977 18.0)
397	POINT(0.29132183908045983 13.5)
398	POINT(-0.29132183908045983 13.5)
399	POINT(-1.1546511627906977 13.0)
400	POINT(-0.5786781609195403 13.0)
401	POINT(-3.75132183908046 15.5)
402	POINT(-3.75132183908046 18.5)
403	POINT(-3.1753488372093024 18.5)
404	POINT(-4.03867816091954 18.0)
405	POINT(-2.8846511627906977 18.0)
406	POINT(-3.1753488372093024 14.5)
407	POINT(-2.8846511627906977 14.0)
408	POINT(-5.775348837209302 12.0)
409	POINT(-5.484651162790698 12.5)
410	POINT(-7.5053488372093025 12.0)
411	POINT(-6.351321839080459 12.0)
412	POINT(-6.6386781609195396 12.5)
413	POINT(-7.214651162790697 12.5)
414	POINT(-6.6386781609195396 11.5)
415	POINT(-7.214651162790697 11.5)
416	POINT(-6.6386781609195396 10.5)
417	POINT(-6.35132183908046 10.0)
418	POINT(-6.35132183908046 11.0)
419	POINT(-10.681321839080459 15.5)
420	POINT(-10.105348837209302 15.5)
421	POINT(-10.968678160919541 15.0)
422	POINT(-9.814651162790698 15.0)
423	POINT(-10.681321839080459 14.5)
424	POINT(-10.105348837209302 14.5)
425	POINT(-8.36867816091954 15.5)
426	POINT(-8.08132183908046 16.0)
427	POINT(-7.5053488372093025 15.0)
428	POINT(-8.08132183908046 15.0)
429	POINT(-5.775348837209302 16.0)
430	POINT(-5.484651162790698 16.5)
431	POINT(-5.775348837209302 17.0)
432	POINT(-6.35132183908046 17.0)
433	POINT(-4.62132183908046 14.0)
434	POINT(-5.775348837209302 14.0)
435	POINT(-5.484651162790698 13.5)
436	POINT(-4.90867816091954 13.5)
437	POINT(-4.90867816091954 14.5)
438	POINT(-5.484651162790698 14.5)
439	POINT(-10.968678160919541 17.0)
440	POINT(-9.814651162790698 17.0)
441	POINT(-10.681321839080459 17.5)
442	POINT(-10.105348837209302 17.5)
443	POINT(-10.681321839080459 16.5)
444	POINT(-10.105348837209302 16.5)
445	POINT(-7.214651162790697 17.5)
446	POINT(-7.795 18.4982)
447	POINT(-7.5053488372093025 17.0)
448	POINT(-9.238678160919541 17.0)
449	POINT(-8.951321839080459 16.5)
450	POINT(-8.951321839080459 17.5)
451	POINT(-8.36867816091954 16.5)
452	POINT(-8.36867816091954 17.5)
453	POINT(-8.08132183908046 17.0)
454	POINT(-9.716280063977994 18.964614934682803)
455	POINT(-9.671271886269668 18.98021823571764)
456	POINT(-2.6438919184875447 19.998845202637785)
457	POINT(-2.588313688623324 20.000636062254465)
458	POINT(-10.68132183908046 5.5)
459	POINT(-10.968678160919541 5.0)
460	POINT(-12.125 5.0)
461	POINT(-12.125 5.001799999999999)
462	POINT(-11.835348837209303 6.5)
463	POINT(-10.68132183908046 6.5)
464	POINT(-11.544651162790696 7.0)
465	POINT(-10.968678160919541 7.0)
466	POINT(-11.544651162790696 6.0)
467	POINT(-10.968678160919541 6.0)
468	POINT(-9.814651162790698 8.0)
469	POINT(-10.968678160919541 8.0)
470	POINT(-10.105348837209302 8.5)
471	POINT(-10.681321839080459 8.5)
472	POINT(-10.105348837209302 7.5)
473	POINT(-10.681321839080459 7.5)
474	POINT(-9.814651162790698 12.0)
475	POINT(-9.238678160919541 12.0)
476	POINT(-10.105348837209302 11.5)
477	POINT(-8.95132183908046 11.5)
478	POINT(-9.238678160919541 11.0)
479	POINT(-9.814651162790698 11.0)
480	POINT(-9.238678160919541 13.0)
481	POINT(-9.814651162790698 13.0)
482	POINT(-10.105348837209302 13.5)
483	POINT(-9.814651162790698 14.0)
484	POINT(-12.41132183908046 11.5)
485	POINT(-11.835348837209303 11.5)
486	POINT(-11.544651162790696 12.0)
487	POINT(-11.835348837209303 12.5)
488	POINT(-12.986034482758619 12.5)
489	POINT(-16.082421451157387 8.909584005817853)
490	POINT(-16.070627653100384 8.85981798746234)
491	POINT(-13.568678160919541 6.5)
492	POINT(-14.144651162790698 6.5)
493	POINT(-14.435348837209302 7.0)
494	POINT(-13.281321839080459 7.0)
495	POINT(-14.435348837209302 8.0)
496	POINT(-13.281321839080459 8.0)
497	POINT(-14.144651162790698 8.5)
498	POINT(-13.568678160919541 8.5)
499	POINT(-14.144651162790698 7.5)
500	POINT(-13.568678160919541 7.5)
501	POINT(-11.544651162790696 8.0)
502	POINT(-12.69867816091954 8.0)
503	POINT(-11.835348837209303 8.5)
504	POINT(-12.41132183908046 8.5)
505	POINT(-11.835348837209303 7.5)
506	POINT(-12.41132183908046 7.5)
507	POINT(-10.66170810393347 0.5796056364522088)
508	POINT(-10.211310228687264 0.3177464066579033)
509	POINT(2.9963091650438063 2.1938807697682066)
510	POINT(2.5162244218571344 1.6388695059685858)
511	POINT(2.444835049100751 0.8859926825278504)
512	POINT(0.5786781609195403 3.0)
513	POINT(1.1546511627906977 3.0)
514	POINT(0.29132183908045983 3.5)
515	POINT(1.4453488372093024 3.5)
516	POINT(0.5786781609195403 4.0)
517	POINT(1.1546511627906977 4.0)
518	POINT(5.6937757657483425 11.083462274821006)
519	POINT(5.7 11.027936681239165)
520	POINT(5.681404779429068 11.137948890903514)
521	POINT(5.350278401004701 12.089461472582727)
522	POINT(-0.29132183908045983 3.5)
523	POINT(-0.5786781609195403 4.0)
524	POINT(-0.29132183908045983 2.5)
525	POINT(-0.5786781609195403 3.0)
526	POINT(-1.1546511627906977 2.0)
527	POINT(-0.5786781609195403 2.0)
528	POINT(-10.681321839080459 4.5)
529	POINT(-10.105348837209302 4.5)
530	POINT(-10.968678160919541 4.0)
531	POINT(-9.814651162790698 4.0)
532	POINT(-10.681321839080459 3.5)
533	POINT(-10.105348837209302 3.5)
534	POINT(-8.36867816091954 3.5)
535	POINT(-8.08132183908046 3.0)
536	POINT(-8.36867816091954 2.5)
537	POINT(-8.951321839080459 2.5)
538	POINT(-9.238678160919541 3.0)
539	POINT(-8.951321839080459 3.5)
540	POINT(-5.484651162790698 1.5)
541	POINT(-5.775348837209302 2.0)
542	POINT(-5.484651162790698 2.5)
543	POINT(-2.0213218390804597 1.5)
544	POINT(-2.3086781609195404 2.0)
545	POINT(-3.4353499157180867 -0.9604088533494712)
546	POINT(-6.6386781609195396 9.5)
547	POINT(-7.214651162790697 9.5)
548	POINT(-6.351321839080459 9.0)
549	POINT(-7.5053488372093025 9.0)
550	POINT(-7.214651162790697 8.5)
551	POINT(-6.6386781609195396 8.5)
552	POINT(-5.484651162790698 6.5)
553	POINT(-6.6386781609195396 6.5)
554	POINT(-5.775348837209302 6.0)
555	POINT(-6.35132183908046 6.0)
556	POINT(-5.775348837209302 7.0)
557	POINT(-6.35132183908046 7.0)
558	POINT(-4.62132183908046 5.0)
559	POINT(-4.908678160919541 4.5)
560	POINT(-4.62132183908046 4.0)
561	POINT(-4.03867816091954 5.0)
562	POINT(-3.7513218390804597 4.5)
563	POINT(-4.03867816091954 4.0)
564	POINT(3.75132183908046 9.5)
565	POINT(3.1753488372093024 9.5)
566	POINT(4.03867816091954 9.0)
567	POINT(2.8846511627906977 9.0)
568	POINT(3.75132183908046 8.5)
569	POINT(3.1753488372093024 8.5)
570	POINT(-0.2913218390804597 7.5)
571	POINT(-0.5786781609195402 8.0)
572	POINT(-0.2913218390804597 8.5)
573	POINT(0.2913218390804597 7.5)
574	POINT(0.5786781609195402 8.0)
575	POINT(0.2913218390804597 8.5)
576	POINT(1.4453488372093024 10.5)
577	POINT(0.29132183908045983 10.5)
578	POINT(1.1546511627906977 10.0)
579	POINT(0.5786781609195403 10.0)
580	POINT(-0.29132183908045983 10.5)
581	POINT(-1.4453488372093024 10.5)
582	POINT(-0.5786781609195403 11.0)
583	POINT(-1.1546511627906977 11.0)
584	POINT(-1.1546511627906977 10.0)
585	POINT(-0.5786781609195403 10.0)
586	POINT(-2.3086781609195404 11.0)
587	POINT(-2.3086781609195404 12.0)
588	POINT(-2.0213218390804597 11.5)
589	POINT(0.29132183908045983 11.5)
590	POINT(0.5786781609195403 11.0)
591	POINT(1.1546511627906977 11.0)
592	POINT(2.3086781609195404 11.0)
593	POINT(2.8846511627906977 12.0)
594	POINT(2.8846511627906977 13.0)
595	POINT(3.4650000000000003 13.9982)
596	POINT(3.4034245807717256 15.904858770542802)
597	POINT(3.465 15.628674511060904)
598	POINT(5.653527483658726 12.559207564313237)
599	POINT(4.794810700165888 13.68563302671725)
600	POINT(5.033410993463491 13.0)
601	POINT(3.4024054243041726 15.955379109934393)
602	POINT(3.41731577596694 16.0)
603	POINT(-0.5786781609195402 17.0)
604	POINT(-2.0213218390804597 17.5)
605	POINT(-1.4453488372093024 17.5)
606	POINT(-1.1546511627906977 17.0)
607	POINT(-0.5786781609195403 14.0)
608	POINT(-3.75132183908046 17.5)
609	POINT(-3.1753488372093024 17.5)
610	POINT(-3.1753488372093024 15.5)
611	POINT(-2.8846511627906977 15.0)
612	POINT(-4.62132183908046 9.0)
613	POINT(-4.03867816091954 9.0)
614	POINT(-8.36867816091954 13.5)
615	POINT(-8.36867816091954 14.5)
616	POINT(-8.08132183908046 14.0)
617	POINT(-8.951321839080459 14.5)
618	POINT(-9.238678160919541 14.0)
619	POINT(-8.951321839080459 13.5)
620	POINT(-6.351321839080459 14.0)
621	POINT(-7.5053488372093025 14.0)
622	POINT(-7.214651162790697 13.5)
623	POINT(-6.6386781609195396 13.5)
624	POINT(-6.6386781609195396 14.5)
625	POINT(-7.214651162790697 14.5)
626	POINT(-7.214651162790697 16.5)
627	POINT(-6.6386781609195396 16.5)
628	POINT(-7.5053488372093025 16.0)
629	POINT(-6.351321839080459 16.0)
630	POINT(-6.6386781609195396 15.5)
631	POINT(-7.214651162790697 15.5)
632	POINT(4.03867816091954 12.0)
633	POINT(5.196034482758621 12.0)
634	POINT(5.7 9.5)
635	POINT(6.2 10.0)
636	POINT(5.7 10.5)
637	POINT(4.90867816091954 9.5)
638	POINT(-2.8846511627906977 4.0)
639	POINT(-4.62132183908046 3.0)
640	POINT(-4.908678160919541 2.5)
641	POINT(0.5786781609195403 13.0)
642	POINT(0.29132183908045983 12.5)
643	POINT(0.5786781609195403 12.0)
644	POINT(1.736046511627907 15.0)
645	POINT(1.1546511627906977 14.0)
646	POINT(0.5786781609195403 14.0)
647	POINT(-0.5786781609195402 16.0)
648	POINT(-0.2913218390804597 16.5)
649	POINT(0.5786781609195402 16.0)
650	POINT(0.2913218390804597 16.5)
651	POINT(0.2913218390804597 18.5)
652	POINT(-0.5786781609195402 18.0)
653	POINT(-0.2913218390804597 18.5)
654	POINT(-0.2913218390804597 17.5)
655	POINT(0.8660344827586206 17.5)
656	POINT(-2.3086781609195404 14.0)
657	POINT(-1.1546511627906977 14.0)
658	POINT(-2.0213218390804597 13.5)
659	POINT(-1.4453488372093024 13.5)
660	POINT(-3.1753488372093024 16.5)
661	POINT(-2.8846511627906977 16.0)
662	POINT(-2.3086781609195404 17.0)
663	POINT(-2.8846511627906977 17.0)
664	POINT(-4.03867816091954 16.0)
665	POINT(-3.7513218390804597 16.5)
666	POINT(-4.03867816091954 17.0)
667	POINT(-4.62132183908046 17.0)
668	POINT(-4.908678160919541 16.5)
669	POINT(-4.62132183908046 16.0)
670	POINT(-1.1546511627906977 15.0)
671	POINT(-2.3086781609195404 15.0)
672	POINT(-2.0213218390804597 14.5)
673	POINT(-1.4453488372093024 14.5)
674	POINT(-5.775348837209302 10.0)
675	POINT(-4.62132183908046 10.0)
676	POINT(-5.484651162790698 9.5)
677	POINT(-4.90867816091954 9.5)
678	POINT(-4.03867816091954 10.0)
679	POINT(-2.8846511627906977 10.0)
680	POINT(-3.1753488372093024 9.5)
681	POINT(-3.75132183908046 9.5)
682	POINT(-2.8846511627906977 12.0)
683	POINT(-5.775348837209302 11.0)
684	POINT(-4.62132183908046 11.0)
685	POINT(-4.90867816091954 10.5)
686	POINT(-5.484651162790698 10.5)
687	POINT(-4.90867816091954 11.5)
688	POINT(-5.484651162790698 11.5)
689	POINT(-4.03867816091954 11.0)
690	POINT(-2.8846511627906977 11.0)
691	POINT(-3.1753488372093024 10.5)
692	POINT(-3.75132183908046 10.5)
693	POINT(-3.1753488372093024 11.5)
694	POINT(-3.75132183908046 11.5)
695	POINT(-4.908678160919541 12.5)
696	POINT(-4.62132183908046 13.0)
697	POINT(-4.62132183908046 12.0)
698	POINT(-4.03867816091954 12.0)
699	POINT(4.03867816091954 10.0)
700	POINT(4.62132183908046 11.0)
701	POINT(4.908678160919541 10.5)
702	POINT(4.62132183908046 10.0)
703	POINT(3.1753488372093024 11.5)
704	POINT(3.75132183908046 11.5)
705	POINT(2.8846511627906977 11.0)
706	POINT(4.03867816091954 11.0)
707	POINT(3.1753488372093024 10.5)
708	POINT(3.75132183908046 10.5)
709	POINT(-1.1546511627906977 4.0)
710	POINT(-2.3086781609195404 4.0)
711	POINT(-2.0213218390804597 4.5)
712	POINT(-1.4453488372093024 4.5)
713	POINT(-1.1546511627906977 3.0)
714	POINT(-2.3086781609195404 3.0)
715	POINT(-1.4453488372093024 3.5)
716	POINT(-2.0213218390804597 3.5)
717	POINT(-2.0213218390804597 2.5)
718	POINT(-1.4453488372093024 2.5)
719	POINT(-2.8846511627906977 2.0)
720	POINT(-4.908678160919541 1.5)
721	POINT(-4.62132183908046 2.0)
722	POINT(-4.03867816091954 2.0)
723	POINT(-3.465 1.0018000000000002)
724	POINT(-3.5364318294455797 -0.8877086167646921)
725	POINT(-3.465 -0.9269873925665877)
726	POINT(-2.8846511627906977 3.0)
727	POINT(-4.03867816091954 3.0)
728	POINT(-3.75132183908046 3.5)
729	POINT(-3.1753488372093024 3.5)
730	POINT(-3.1753488372093024 2.5)
731	POINT(-3.75132183908046 2.5)
732	POINT(2.3086781609195404 13.0)
733	POINT(1.1546511627906977 13.0)
734	POINT(1.4453488372093024 13.5)
735	POINT(2.0213218390804597 13.5)
736	POINT(2.3086781609195404 12.0)
737	POINT(1.1546511627906977 12.0)
738	POINT(2.0213218390804597 12.5)
739	POINT(1.4453488372093024 12.5)
740	POINT(1.4453488372093024 11.5)
741	POINT(2.0213218390804597 11.5)
742	POINT(-0.5786781609195402 15.0)
743	POINT(-0.2913218390804597 14.5)
744	POINT(-0.2913218390804597 15.5)
745	POINT(0.2913218390804597 14.5)
746	POINT(0.5786781609195402 15.0)
747	POINT(0.2913218390804597 15.5)
748	POINT(-1.4453488372093024 16.5)
749	POINT(-2.0213218390804597 16.5)
750	POINT(-1.1546511627906977 16.0)
751	POINT(-2.3086781609195404 16.0)
752	POINT(-1.4453488372093024 15.5)
753	POINT(-2.0213218390804597 15.5)
754	POINT(-3.1753488372093024 12.5)
755	POINT(-3.75132183908046 12.5)
756	POINT(-2.8846511627906977 13.0)
757	POINT(-4.03867816091954 13.0)
758	POINT(-3.1753488372093024 13.5)
759	POINT(-3.75132183908046 13.5)
