14	POLYGON ((-11.835348837209303 14.5, -12.986034482758619 14.5, -14.213224584262305 13.788229741127862, -14.513139758547457 13.5, -11.835348837209303 13.5, -11.544651162790696 14, -11.835348837209303 14.5))
17	POLYGON ((-9.238678160919541 6, -8.951321839080459 5.5, -8.36867816091954 5.5, -8.08132183908046 6, -8.36867816091954 6.5, -8.95132183908046 6.5, -9.238678160919541 6))
18	POLYGON ((-13.281321839080459 9, -13.568678160919541 9.5, -13.281321839080459 10, -12.69867816091954 10, -12.41132183908046 9.5, -12.69867816091954 9, -13.281321839080459 9))
25	POLYGON ((0.2913218390804598 0.5, 0.6841419379267292 -0.1835069719925089, 0.2253132199310419 -0.4472016375072715, 0.1749409351491751 -0.4692025371564088, 0.1224607483705117 -0.4855499117221765, 0.0685050049658408 -0.4960467880749852, -1.5163347661428845 -0.6268091454271907, -0.8650000000000001 0.5, 0.2913218390804598 0.5))
29	POLYGON ((2.8846511627906977 7, 3.1753488372093024 7.5, 4.326034482758621 7.5, 5.347722327904112 6.907421049815615, 6.749829482178406 4.610068207128639, 6.359697227076859 4.60458415388556, 3.756744186046512 5.5, 2.8846511627906977 7))
33	POLYGON ((-8.951321839080459 0.5, -9.344141937926729 -0.183506971992509, -8.88515685496602 -0.4472915024296978, -8.834438111369135 -0.4694003012205845, -8.781589933610737 -0.4857789471853862, -7.795 -0.6755077805720674, -7.795 -0.4982000000000003, -8.36867816091954 0.5, -8.951321839080459 0.5))
34	POLYGON ((-7.5053488372093025 6, -8.08132183908046 6, -8.36867816091954 5.5, -8.08132183908046 5, -7.5053488372093025 5, -7.214651162790697 5.5, -7.5053488372093025 6))
35	POLYGON ((-4.90867816091954 6.5, -4.62132183908046 6, -4.03867816091954 6, -3.75132183908046 6.5, -4.03867816091954 7, -4.62132183908046 7, -4.90867816091954 6.5))
38	POLYGON ((-13.417747750782866 15.760387786033878, -13.44393309123924 15.711458473685527, -14.213224584262305 13.788229741127862, -12.986034482758619 14.5, -12.41132183908046 15.5, -12.906224421857134 16.361130494031414, -13.386309165043805 15.806119230231793, -13.417747750782866 15.760387786033878))
44	POLYGON ((-13.281321839080459 11, -13.568678160919541 10.5, -13.281321839080459 10, -12.69867816091954 10, -12.41132183908046 10.5, -12.69867816091954 11, -13.281321839080459 11))
45	POLYGON ((-14.435348837209302 9, -14.144651162790698 9.5, -14.726046511627906 10.5, -15.736786397271368 11.079490867768918, -15.670045094760289 10.146178464882903, -15.011321839080459 9, -14.435348837209302 9))
47	POLYGON ((-14.726046511627906 10.5, -13.568678160919541 10.5, -13.281321839080459 11, -14.67572087265392 13.42625431841782, -17.156196076775053 13.39647843071002, -15.736786397271368 11.079490867768918, -14.726046511627906 10.5))
48	POLYGON ((-14.144651162790698 9.5, -13.568678160919541 9.5, -13.281321839080459 10, -13.568678160919541 10.5, -14.726046511627906 10.5, -14.144651162790698 9.5))
57	POLYGON ((-2.3086781609195404 19, -1.8154139670606342 19.858279697314497, -1.1217081972053597 20.17711737453213, -0.8649999999999999 19.67550778057207, -0.8649999999999999 19.4982, -1.4453488372093024 18.5, -2.0213218390804597 18.5, -2.3086781609195404 19))
58	POLYGON ((-11.835348837209303 15.5, -12.41132183908046 15.5, -12.986034482758619 14.5, -11.835348837209303 14.5, -11.544651162790696 15, -11.835348837209303 15.5))
59	POLYGON ((-11.544651162790696 16, -12.126046511627907 17, -12.278162774094863 17.08721332381439, -12.83483504910075 17.11400731747215, -12.906224421857134 16.361130494031414, -12.41132183908046 15.5, -11.835348837209303 15.5, -11.544651162790696 16))
61	POLYGON ((-9.814651162790698 6, -9.238678160919541 6, -8.95132183908046 6.5, -9.238678160919541 7, -9.814651162790698 7, -10.105348837209302 6.5, -9.814651162790698 6))
62	POLYGON ((-10.681321839080459 13.5, -10.968678160919541 14, -11.544651162790696 14, -11.835348837209303 13.5, -11.544651162790696 13, -10.968678160919541 13, -10.681321839080459 13.5))
63	POLYGON ((-10.968678160919541 11, -10.68132183908046 10.5, -10.968678160919541 10, -11.544651162790696 10, -11.835348837209303 10.5, -11.544651162790696 11, -10.968678160919541 11))
64	POLYGON ((-11.544651162790696 10, -11.835348837209303 9.5, -12.41132183908046 9.5, -12.69867816091954 10, -12.41132183908046 10.5, -11.835348837209303 10.5, -11.544651162790696 10))
70	POLYGON ((1.736046511627907 1, 1.8881627740948623 0.9127866761856125, 1.2298170556471355 0.1516933600610727, 1.188628666513158 0.1136561093582993, 1.1434466285401126 0.0804612410036885, 0.6841419379267292 -0.1835069719925089, 0.2913218390804598 0.5, 0.5786781609195403 1, 1.736046511627907 1))
71	POLYGON ((2.3086781609195404 3, 3.3385164807134506 3, 4.815549442140351 4, 2.3086781609195404 4, 2.0213218390804597 3.5, 2.3086781609195404 3))
72	POLYGON ((0.2913218390804597 6.5, 0.5786781609195403 6, 0.2913218390804598 5.5, -0.2913218390804598 5.5, -0.5786781609195403 6, -0.2913218390804597 6.5, 0.2913218390804597 6.5))
73	POLYGON ((-0.5786781609195402 7, -1.1546511627906977 7, -1.4453488372093024 6.5, -1.1546511627906977 6, -0.5786781609195403 6, -0.2913218390804597 6.5, -0.5786781609195402 7))
74	POLYGON ((-2.3086781609195404 9, -2.0213218390804597 8.5, -2.3086781609195404 8, -2.8846511627906977 8, -3.1753488372093024 8.5, -2.8846511627906977 9, -2.3086781609195404 9))
75	POLYGON ((-2.3086781609195404 9, -2.0213218390804597 9.5, -1.4453488372093024 9.5, -1.1546511627906977 9, -1.4453488372093024 8.5, -2.0213218390804597 8.5, -2.3086781609195404 9))
76	POLYGON ((-2.3086781609195404 8, -2.0213218390804597 7.5, -1.4453488372093024 7.5, -1.1546511627906977 8, -1.4453488372093024 8.5, -2.0213218390804597 8.5, -2.3086781609195404 8))
77	POLYGON ((-2.8846511627906977 8, -3.1753488372093024 7.5, -3.75132183908046 7.5, -4.03867816091954 8, -3.75132183908046 8.5, -3.1753488372093024 8.5, -2.8846511627906977 8))
78	POLYGON ((-0.5786781609195403 5, -0.2913218390804598 5.5, 0.2913218390804598 5.5, 0.5786781609195403 5, 0.2913218390804597 4.5, -0.2913218390804598 4.5, -0.5786781609195403 5))
79	POLYGON ((-0.5786781609195403 5, -0.2913218390804598 5.5, -0.5786781609195403 6, -1.1546511627906977 6, -1.4453488372093024 5.5, -1.1546511627906977 5, -0.5786781609195403 5))
80	POLYGON ((2.0213218390804597 6.5, 2.596034482758621 5.5, 1.4453488372093024 5.5, 1.1546511627906977 6, 1.4453488372093024 6.5, 2.0213218390804597 6.5))
81	POLYGON ((2.0213218390804597 6.5, 2.596034482758621 5.5, 3.756744186046512 5.5, 2.8846511627906977 7, 2.3086781609195404 7, 2.0213218390804597 6.5))
82	POLYGON ((1.4453488372093024 5.5, 2.596034482758621 5.5, 2.0213218390804597 4.5, 1.4453488372093024 4.5, 1.1546511627906977 5, 1.4453488372093024 5.5))
83	POLYGON ((1.1546511627906977 6, 0.5786781609195403 6, 0.2913218390804598 5.5, 0.5786781609195403 5, 1.1546511627906977 5, 1.4453488372093024 5.5, 1.1546511627906977 6))
84	POLYGON ((1.4453488372093024 6.5, 1.1546511627906977 7, 0.5786781609195402 7, 0.2913218390804597 6.5, 0.5786781609195403 6, 1.1546511627906977 6, 1.4453488372093024 6.5))
85	POLYGON ((2.0213218390804597 6.5, 2.3086781609195404 7, 2.0213218390804597 7.5, 1.4453488372093024 7.5, 1.1546511627906977 7, 1.4453488372093024 6.5, 2.0213218390804597 6.5))
86	POLYGON ((2.596034482758621 5.5, 2.0213218390804597 4.5, 2.3086781609195404 4, 4.815549442140351 4, 6.359697227076859 4.60458415388556, 3.756744186046512 5.5, 2.596034482758621 5.5))
87	POLYGON ((0.2913218390804597 1.5, 0.5786781609195403 1, 0.2913218390804598 0.5, -0.8650000000000001 0.5, -0.8650000000000001 0.5017999999999998, -0.2913218390804597 1.5, 0.2913218390804597 1.5))
88	POLYGON ((0.5786781609195402 2, 1.1546511627906977 2, 1.736046511627907 1, 0.5786781609195403 1, 0.2913218390804597 1.5, 0.5786781609195402 2))
89	POLYGON ((-9.238678160919541 5, -8.951321839080459 5.5, -8.36867816091954 5.5, -8.08132183908046 5, -8.36867816091954 4.5, -8.95132183908046 4.5, -9.238678160919541 5))
90	POLYGON ((-9.238678160919541 5, -8.951321839080459 5.5, -9.238678160919541 6, -9.814651162790698 6, -10.105348837209302 5.5, -9.814651162790698 5, -9.238678160919541 5))
91	POLYGON ((-7.214651162790697 3.5, -7.5053488372093025 4, -7.214651162790697 4.5, -6.6386781609195396 4.5, -6.351321839080459 4, -6.6386781609195396 3.5, -7.214651162790697 3.5))
92	POLYGON ((-7.5053488372093025 4, -8.08132183908046 4, -8.36867816091954 4.5, -8.08132183908046 5, -7.5053488372093025 5, -7.214651162790697 4.5, -7.5053488372093025 4))
93	POLYGON ((-6.35132183908046 3, -6.6386781609195396 3.5, -7.214651162790697 3.5, -7.5053488372093025 3, -7.214651162790697 2.5, -6.6386781609195396 2.5, -6.35132183908046 3))
94	POLYGON ((-6.35132183908046 3, -6.6386781609195396 3.5, -6.351321839080459 4, -5.775348837209302 4, -5.484651162790698 3.5, -5.775348837209302 3, -6.35132183908046 3))
95	POLYGON ((-5.193953488372093 0, -3.7755575588221255 -0.8132136662753138, -6.041516780662588 -1.0001739981103341, -6.086931358925856 -0.9997903157216615, -6.132124196720636 -0.9952915888950208, -6.844586032939365 -0.8582796973144964, -6.35132183908046 0, -5.193953488372093 0))
96	POLYGON ((-6.6386781609195396 0.5, -6.351321839080459 1, -6.6386781609195396 1.5, -7.214651162790697 1.5, -7.5053488372093025 1, -7.214651162790697 0.5, -6.6386781609195396 0.5))
97	POLYGON ((-7.5053488372093025 1, -8.08132183908046 1, -8.36867816091954 1.5, -8.08132183908046 2, -7.5053488372093025 2, -7.214651162790697 1.5, -7.5053488372093025 1))
98	POLYGON ((-6.6386781609195396 1.5, -6.35132183908046 2, -6.6386781609195396 2.5, -7.214651162790697 2.5, -7.5053488372093025 2, -7.214651162790697 1.5, -6.6386781609195396 1.5))
99	POLYGON ((-7.214651162790697 0.5, -7.795 -0.4982000000000003, -8.36867816091954 0.5, -8.08132183908046 1, -7.5053488372093025 1, -7.214651162790697 0.5))
100	POLYGON ((-6.6386781609195396 0.5, -6.35132183908046 0, -5.193953488372093 0, -5.775348837209302 1, -6.351321839080459 1, -6.6386781609195396 0.5))
101	POLYGON ((-6.6386781609195396 0.5, -6.35132183908046 0, -6.844586032939365 -0.8582796973144964, -7.538291802794641 -1.1771173745321302, -7.795 -0.6755077805720674, -7.795 -0.4982000000000003, -7.214651162790697 0.5, -6.6386781609195396 0.5))
102	POLYGON ((-9.814651162790698 2, -10.105348837209302 1.5, -9.814651162790698 1, -9.238678160919541 1, -8.95132183908046 1.5, -9.238678160919541 2, -9.814651162790698 2))
103	POLYGON ((-8.95132183908046 1.5, -8.36867816091954 1.5, -8.08132183908046 1, -8.36867816091954 0.5, -8.951321839080459 0.5, -9.238678160919541 1, -8.95132183908046 1.5))
104	POLYGON ((-9.814651162790698 2, -10.105348837209302 2.5, -11.256034482758622 2.5, -12.2693170070735 1.912296135897371, -11.41999285710277 1.5, -10.105348837209302 1.5, -9.814651162790698 2))
105	POLYGON ((-8.08132183908046 10, -8.36867816091954 10.5, -8.08132183908046 11, -7.5053488372093025 11, -7.214651162790697 10.5, -7.5053488372093025 10, -8.08132183908046 10))
106	POLYGON ((-8.951321839080459 7.5, -8.36867816091954 7.5, -8.08132183908046 8, -8.36867816091954 8.5, -8.951321839080459 8.5, -9.238678160919541 8, -8.951321839080459 7.5))
107	POLYGON ((-8.951321839080459 7.5, -9.238678160919541 7, -8.95132183908046 6.5, -8.36867816091954 6.5, -8.08132183908046 7, -8.36867816091954 7.5, -8.951321839080459 7.5))
108	POLYGON ((-8.951321839080459 8.5, -9.238678160919541 9, -8.95132183908046 9.5, -8.36867816091954 9.5, -8.08132183908046 9, -8.36867816091954 8.5, -8.951321839080459 8.5))
109	POLYGON ((-9.238678160919541 10, -8.95132183908046 9.5, -8.36867816091954 9.5, -8.08132183908046 10, -8.36867816091954 10.5, -8.95132183908046 10.5, -9.238678160919541 10))
110	POLYGON ((-10.681321839080459 9.5, -10.968678160919541 10, -11.544651162790696 10, -11.835348837209303 9.5, -11.544651162790696 9, -10.968678160919541 9, -10.681321839080459 9.5))
111	POLYGON ((-10.105348837209302 9.5, -9.814651162790698 10, -9.238678160919541 10, -8.95132183908046 9.5, -9.238678160919541 9, -9.814651162790698 9, -10.105348837209302 9.5))
112	POLYGON ((-10.105348837209302 9.5, -9.814651162790698 10, -10.105348837209302 10.5, -10.68132183908046 10.5, -10.968678160919541 10, -10.681321839080459 9.5, -10.105348837209302 9.5))
113	POLYGON ((-7.5053488372093025 7, -8.08132183908046 7, -8.36867816091954 6.5, -8.08132183908046 6, -7.5053488372093025 6, -7.214651162790697 6.5, -7.5053488372093025 7))
114	POLYGON ((-7.214651162790697 7.5, -7.5053488372093025 8, -8.08132183908046 8, -8.36867816091954 7.5, -8.08132183908046 7, -7.5053488372093025 7, -7.214651162790697 7.5))
115	POLYGON ((-6.35132183908046 5, -6.6386781609195396 4.5, -7.214651162790697 4.5, -7.5053488372093025 5, -7.214651162790697 5.5, -6.6386781609195396 5.5, -6.35132183908046 5))
116	POLYGON ((-5.775348837209302 5, -5.484651162790698 4.5, -5.775348837209302 4, -6.351321839080459 4, -6.6386781609195396 4.5, -6.35132183908046 5, -5.775348837209302 5))
117	POLYGON ((-5.484651162790698 7.5, -5.775348837209302 8, -5.484651162790698 8.5, -4.90867816091954 8.5, -4.62132183908046 8, -4.90867816091954 7.5, -5.484651162790698 7.5))
118	POLYGON ((-4.90867816091954 7.5, -4.62132183908046 7, -4.03867816091954 7, -3.75132183908046 7.5, -4.03867816091954 8, -4.62132183908046 8, -4.90867816091954 7.5))
119	POLYGON ((-2.3086781609195404 7, -2.0213218390804597 6.5, -2.3086781609195404 6, -2.8846511627906977 6, -3.1753488372093024 6.5, -2.8846511627906977 7, -2.3086781609195404 7))
120	POLYGON ((-2.8846511627906977 7, -3.1753488372093024 7.5, -3.75132183908046 7.5, -4.03867816091954 7, -3.75132183908046 6.5, -3.1753488372093024 6.5, -2.8846511627906977 7))
121	POLYGON ((-2.3086781609195404 7, -2.0213218390804597 7.5, -1.4453488372093024 7.5, -1.1546511627906977 7, -1.4453488372093024 6.5, -2.0213218390804597 6.5, -2.3086781609195404 7))
122	POLYGON ((-2.3086781609195404 6, -2.0213218390804597 5.5, -1.4453488372093024 5.5, -1.1546511627906977 6, -1.4453488372093024 6.5, -2.0213218390804597 6.5, -2.3086781609195404 6))
123	POLYGON ((-2.3086781609195404 7, -2.0213218390804597 7.5, -2.3086781609195404 8, -2.8846511627906977 8, -3.1753488372093024 7.5, -2.8846511627906977 7, -2.3086781609195404 7))
124	POLYGON ((-3.1753488372093024 5.5, -2.8846511627906977 6, -3.1753488372093024 6.5, -3.75132183908046 6.5, -4.03867816091954 6, -3.75132183908046 5.5, -3.1753488372093024 5.5))
125	POLYGON ((-2.8846511627906977 5, -2.3086781609195404 5, -2.0213218390804597 5.5, -2.3086781609195404 6, -2.8846511627906977 6, -3.1753488372093024 5.5, -2.8846511627906977 5))
126	POLYGON ((2.3086781609195404 8, 2.0213218390804597 7.5, 1.4453488372093024 7.5, 1.1546511627906977 8, 1.4453488372093024 8.5, 2.0213218390804597 8.5, 2.3086781609195404 8))
127	POLYGON ((2.8846511627906977 8, 3.1753488372093024 7.5, 2.8846511627906977 7, 2.3086781609195404 7, 2.0213218390804597 7.5, 2.3086781609195404 8, 2.8846511627906977 8))
128	POLYGON ((2.3086781609195404 9, 2.0213218390804597 8.5, 1.4453488372093024 8.5, 1.1546511627906977 9, 1.4453488372093024 9.5, 2.0213218390804597 9.5, 2.3086781609195404 9))
131	POLYGON ((-0.5786781609195403 13, -0.2913218390804597 12.5, -0.5786781609195402 12, -1.1546511627906977 12, -1.4453488372093024 12.5, -1.1546511627906977 13, -0.5786781609195403 13))
132	POLYGON ((-4.03867816091954 18, -5.195 18, -5.774827089337176 19.003100864553314, -6.2921245109611 21.693047456997718, -4.989014199588805 20.653584707284523, -3.75132183908046 18.5, -4.03867816091954 18))
133	POLYGON ((-3.1753488372093024 18.5, -2.8846511627906977 19, -3.401790858290304 19.889480276259324, -4.989014199588805 20.653584707284523, -3.75132183908046 18.5, -3.1753488372093024 18.5))
134	POLYGON ((-2.8846511627906977 18, -2.3086781609195404 18, -2.0213218390804597 18.5, -2.3086781609195404 19, -2.8846511627906977 19, -3.1753488372093024 18.5, -2.8846511627906977 18))
135	POLYGON ((-7.214651162790697 11.5, -7.5053488372093025 12, -7.214651162790697 12.5, -6.6386781609195396 12.5, -6.351321839080459 12, -6.6386781609195396 11.5, -7.214651162790697 11.5))
136	POLYGON ((-7.214651162790697 12.5, -7.5053488372093025 13, -8.08132183908046 13, -8.36867816091954 12.5, -8.08132183908046 12, -7.5053488372093025 12, -7.214651162790697 12.5))
137	POLYGON ((-7.214651162790697 11.5, -7.5053488372093025 11, -8.08132183908046 11, -8.36867816091954 11.5, -8.08132183908046 12, -7.5053488372093025 12, -7.214651162790697 11.5))
138	POLYGON ((-6.6386781609195396 12.5, -6.35132183908046 13, -5.775348837209302 13, -5.484651162790698 12.5, -5.775348837209302 12, -6.351321839080459 12, -6.6386781609195396 12.5))
139	POLYGON ((-6.35132183908046 11, -6.6386781609195396 11.5, -7.214651162790697 11.5, -7.5053488372093025 11, -7.214651162790697 10.5, -6.6386781609195396 10.5, -6.35132183908046 11))
140	POLYGON ((-10.105348837209302 14.5, -9.814651162790698 15, -10.105348837209302 15.5, -10.681321839080459 15.5, -10.968678160919541 15, -10.681321839080459 14.5, -10.105348837209302 14.5))
141	POLYGON ((-10.968678160919541 15, -11.544651162790696 15, -11.835348837209303 15.5, -11.544651162790696 16, -10.968678160919541 16, -10.681321839080459 15.5, -10.968678160919541 15))
142	POLYGON ((-9.814651162790698 15, -9.238678160919541 15, -8.951321839080459 15.5, -9.238678160919541 16, -9.814651162790698 16, -10.105348837209302 15.5, -9.814651162790698 15))
143	POLYGON ((-10.681321839080459 14.5, -10.968678160919541 14, -11.544651162790696 14, -11.835348837209303 14.5, -11.544651162790696 15, -10.968678160919541 15, -10.681321839080459 14.5))
144	POLYGON ((-6.35132183908046 17, -6.6386781609195396 17.5, -5.774827089337176 19.003100864553314, -5.195 18, -5.195 17.9982, -5.775348837209302 17, -6.35132183908046 17))
145	POLYGON ((-5.484651162790698 14.5, -5.775348837209302 14, -5.484651162790698 13.5, -4.90867816091954 13.5, -4.62132183908046 14, -4.90867816091954 14.5, -5.484651162790698 14.5))
146	POLYGON ((-4.90867816091954 14.5, -4.62132183908046 15, -4.03867816091954 15, -3.7513218390804597 14.5, -4.03867816091954 14, -4.62132183908046 14, -4.90867816091954 14.5))
147	POLYGON ((-5.484651162790698 14.5, -5.775348837209302 15, -5.484651162790698 15.5, -4.90867816091954 15.5, -4.62132183908046 15, -4.90867816091954 14.5, -5.484651162790698 14.5))
148	POLYGON ((-10.105348837209302 16.5, -9.814651162790698 17, -10.105348837209302 17.5, -10.681321839080459 17.5, -10.968678160919541 17, -10.681321839080459 16.5, -10.105348837209302 16.5))
149	POLYGON ((-10.681321839080459 16.5, -10.968678160919541 16, -11.544651162790696 16, -12.126046511627907 17, -10.968678160919541 17, -10.681321839080459 16.5))
150	POLYGON ((-10.681321839080459 17.5, -11.074766122842243 18.184593053745502, -11.534311483596902 17.918959897239922, -11.579102711376713 17.885937359062904, -11.619953426687795 17.84814898555666, -12.278162774094863 17.08721332381439, -12.126046511627907 17, -10.968678160919541 17, -10.681321839080459 17.5))
151	POLYGON ((-10.105348837209302 17.5, -9.814651162790698 18, -10.211939859599045 18.68333655851036, -10.893745968720143 18.86283052588585, -11.074766122842243 18.184593053745502, -10.681321839080459 17.5, -10.105348837209302 17.5))
152	POLYGON ((-10.105348837209302 16.5, -9.814651162790698 16, -10.105348837209302 15.5, -10.681321839080459 15.5, -10.968678160919541 16, -10.681321839080459 16.5, -10.105348837209302 16.5))
153	POLYGON ((-7.795 18.4982, -7.795 19.67724174660342, -6.505353379221915 22.051648918007874, -6.2921245109611 21.693047456997718, -5.774827089337176 19.003100864553314, -6.6386781609195396 17.5, -7.214651162790697 17.5, -7.795 18.4982))
154	POLYGON ((-8.08132183908046 17, -8.36867816091954 16.5, -8.951321839080459 16.5, -9.238678160919541 17, -8.951321839080459 17.5, -8.36867816091954 17.5, -8.08132183908046 17))
155	POLYGON ((-8.951321839080459 16.5, -9.238678160919541 16, -9.814651162790698 16, -10.105348837209302 16.5, -9.814651162790698 17, -9.238678160919541 17, -8.951321839080459 16.5))
156	POLYGON ((-8.951321839080459 17.5, -9.238678160919541 18, -9.814651162790698 18, -10.105348837209302 17.5, -9.814651162790698 17, -9.238678160919541 17, -8.951321839080459 17.5))
157	POLYGON ((-8.36867816091954 16.5, -8.08132183908046 16, -8.36867816091954 15.5, -8.951321839080459 15.5, -9.238678160919541 16, -8.951321839080459 16.5, -8.36867816091954 16.5))
158	POLYGON ((-8.36867816091954 17.5, -7.795 18.4982, -7.795 19.67724174660342, -8.582403992262085 19.14191705346397, -9.238678160919541 18, -8.951321839080459 17.5, -8.36867816091954 17.5))
159	POLYGON ((-8.08132183908046 17, -7.5053488372093025 17, -7.214651162790697 17.5, -7.795 18.4982, -8.36867816091954 17.5, -8.08132183908046 17))
161	POLYGON ((-9.671271886269668 18.98021823571764, -9.624984315630336 18.99147256235744, -8.582403992262085 19.14191705346397, -9.238678160919541 18, -9.814651162790698 18, -10.211939859599045 18.68333655851036, -9.759601243633583 18.94480396658288, -9.716280063977994 18.964614934682803, -9.671271886269668 18.98021823571764))
165	POLYGON ((-2.588313688623324 20.000636062254465, -2.5328795563501183 19.996253849100935, -1.8154139670606342 19.858279697314497, -2.3086781609195404 19, -2.8846511627906977 19, -3.401790858290304 19.889480276259324, -2.6438919184875447 19.998845202637785, -2.588313688623324 20.000636062254465))
168	POLYGON ((-12.125 5.001799999999999, -12.69867816091954 6, -13.281321839080459 6, -14.530519951316425 3.826395284709422, -14.776071561797782 2.206823099044918, -12.703034682080924 4, -12.125 5, -12.125 5.001799999999999))
169	POLYGON ((-10.968678160919541 6, -10.68132183908046 6.5, -10.968678160919541 7, -11.544651162790696 7, -11.835348837209303 6.5, -11.544651162790696 6, -10.968678160919541 6))
170	POLYGON ((-11.544651162790696 6, -12.125 5.001799999999999, -12.69867816091954 6, -12.41132183908046 6.5, -11.835348837209303 6.5, -11.544651162790696 6))
171	POLYGON ((-10.968678160919541 6, -10.68132183908046 5.5, -10.105348837209302 5.5, -9.814651162790698 6, -10.105348837209302 6.5, -10.68132183908046 6.5, -10.968678160919541 6))
172	POLYGON ((-10.968678160919541 6, -10.68132183908046 5.5, -10.968678160919541 5, -12.125 5, -12.125 5.001799999999999, -11.544651162790696 6, -10.968678160919541 6))
173	POLYGON ((-10.681321839080459 7.5, -10.968678160919541 8, -10.681321839080459 8.5, -10.105348837209302 8.5, -9.814651162790698 8, -10.105348837209302 7.5, -10.681321839080459 7.5))
174	POLYGON ((-10.105348837209302 7.5, -9.814651162790698 7, -9.238678160919541 7, -8.951321839080459 7.5, -9.238678160919541 8, -9.814651162790698 8, -10.105348837209302 7.5))
175	POLYGON ((-10.105348837209302 8.5, -9.814651162790698 9, -9.238678160919541 9, -8.951321839080459 8.5, -9.238678160919541 8, -9.814651162790698 8, -10.105348837209302 8.5))
176	POLYGON ((-10.681321839080459 8.5, -10.968678160919541 9, -10.681321839080459 9.5, -10.105348837209302 9.5, -9.814651162790698 9, -10.105348837209302 8.5, -10.681321839080459 8.5))
177	POLYGON ((-10.681321839080459 7.5, -10.968678160919541 7, -10.68132183908046 6.5, -10.105348837209302 6.5, -9.814651162790698 7, -10.105348837209302 7.5, -10.681321839080459 7.5))
178	POLYGON ((-9.814651162790698 11, -10.105348837209302 11.5, -9.814651162790698 12, -9.238678160919541 12, -8.95132183908046 11.5, -9.238678160919541 11, -9.814651162790698 11))
179	POLYGON ((-10.105348837209302 11.5, -10.68132183908046 11.5, -10.968678160919541 12, -10.681321839080459 12.5, -10.105348837209302 12.5, -9.814651162790698 12, -10.105348837209302 11.5))
180	POLYGON ((-8.95132183908046 11.5, -8.36867816091954 11.5, -8.08132183908046 12, -8.36867816091954 12.5, -8.951321839080459 12.5, -9.238678160919541 12, -8.95132183908046 11.5))
181	POLYGON ((-9.814651162790698 11, -10.105348837209302 10.5, -10.68132183908046 10.5, -10.968678160919541 11, -10.68132183908046 11.5, -10.105348837209302 11.5, -9.814651162790698 11))
182	POLYGON ((-9.238678160919541 11, -8.95132183908046 10.5, -8.36867816091954 10.5, -8.08132183908046 11, -8.36867816091954 11.5, -8.95132183908046 11.5, -9.238678160919541 11))
183	POLYGON ((-9.814651162790698 11, -10.105348837209302 10.5, -9.814651162790698 10, -9.238678160919541 10, -8.95132183908046 10.5, -9.238678160919541 11, -9.814651162790698 11))
184	POLYGON ((-9.814651162790698 13, -10.105348837209302 12.5, -9.814651162790698 12, -9.238678160919541 12, -8.951321839080459 12.5, -9.238678160919541 13, -9.814651162790698 13))
185	POLYGON ((-10.105348837209302 13.5, -10.681321839080459 13.5, -10.968678160919541 13, -10.681321839080459 12.5, -10.105348837209302 12.5, -9.814651162790698 13, -10.105348837209302 13.5))
186	POLYGON ((-9.814651162790698 14, -10.105348837209302 14.5, -10.681321839080459 14.5, -10.968678160919541 14, -10.681321839080459 13.5, -10.105348837209302 13.5, -9.814651162790698 14))
187	POLYGON ((-12.986034482758619 12.5, -12.41132183908046 11.5, -11.835348837209303 11.5, -11.544651162790696 12, -11.835348837209303 12.5, -12.986034482758619 12.5))
188	POLYGON ((-12.986034482758619 12.5, -14.607871438606038 13.440665434391503, -14.67572087265392 13.42625431841782, -13.281321839080459 11, -12.69867816091954 11, -12.41132183908046 11.5, -12.986034482758619 12.5))
189	POLYGON ((-11.835348837209303 11.5, -11.544651162790696 11, -11.835348837209303 10.5, -12.41132183908046 10.5, -12.69867816091954 11, -12.41132183908046 11.5, -11.835348837209303 11.5))
190	POLYGON ((-11.544651162790696 12, -10.968678160919541 12, -10.68132183908046 11.5, -10.968678160919541 11, -11.544651162790696 11, -11.835348837209303 11.5, -11.544651162790696 12))
191	POLYGON ((-11.835348837209303 12.5, -11.544651162790696 13, -10.968678160919541 13, -10.681321839080459 12.5, -10.968678160919541 12, -11.544651162790696 12, -11.835348837209303 12.5))
192	POLYGON ((-12.986034482758619 12.5, -14.607871438606038 13.440665434391503, -14.513139758547457 13.5, -11.835348837209303 13.5, -11.544651162790696 13, -11.835348837209303 12.5, -12.986034482758619 12.5))
199	POLYGON ((-16.070627653100384 8.85981798746234, -15.740278401004701 7.910538527417274, -15.58603448275862 8, -15.011321839080459 9, -15.670045094760289 10.146178464882903, -16.06373562319338 9.161952143800171, -16.077786414038773 9.112775670439545, -16.086746810336262 9.06242230358328, -16.090523304043913 9.011417516054587, -16.089076484791885 8.960293578709901, -16.082421451157387 8.909584005817853, -16.070627653100384 8.85981798746234))
200	POLYGON ((-14.144651162790698 6.5, -14.659370440395534 5.614682842519679, -14.530519951316425 3.826395284709422, -13.281321839080459 6, -13.568678160919541 6.5, -14.144651162790698 6.5))
201	POLYGON ((-13.281321839080459 7, -12.69867816091954 7, -12.41132183908046 6.5, -12.69867816091954 6, -13.281321839080459 6, -13.568678160919541 6.5, -13.281321839080459 7))
202	POLYGON ((-14.435348837209302 7, -15.423410993463492 7, -15.183119391965636 6.309506892247542, -15.159244899324898 6.25951899506849, -15.129995116206786 6.212474001171382, -14.659370440395534 5.614682842519679, -14.144651162790698 6.5, -14.435348837209302 7))
203	POLYGON ((-13.568678160919541 7.5, -13.281321839080459 8, -13.568678160919541 8.5, -14.144651162790698 8.5, -14.435348837209302 8, -14.144651162790698 7.5, -13.568678160919541 7.5))
204	POLYGON ((-14.144651162790698 7.5, -14.435348837209302 7, -15.423410993463492 7, -16.04352748365873 7.440792435686763, -15.740278401004701 7.910538527417274, -15.58603448275862 8, -14.435348837209302 8, -14.144651162790698 7.5))
205	POLYGON ((-14.144651162790698 8.5, -14.435348837209302 9, -15.011321839080459 9, -15.58603448275862 8, -14.435348837209302 8, -14.144651162790698 8.5))
206	POLYGON ((-13.568678160919541 8.5, -13.281321839080459 9, -13.568678160919541 9.5, -14.144651162790698 9.5, -14.435348837209302 9, -14.144651162790698 8.5, -13.568678160919541 8.5))
207	POLYGON ((-13.568678160919541 7.5, -13.281321839080459 7, -13.568678160919541 6.5, -14.144651162790698 6.5, -14.435348837209302 7, -14.144651162790698 7.5, -13.568678160919541 7.5))
208	POLYGON ((-12.41132183908046 7.5, -12.69867816091954 8, -12.41132183908046 8.5, -11.835348837209303 8.5, -11.544651162790696 8, -11.835348837209303 7.5, -12.41132183908046 7.5))
209	POLYGON ((-11.835348837209303 7.5, -11.544651162790696 7, -10.968678160919541 7, -10.681321839080459 7.5, -10.968678160919541 8, -11.544651162790696 8, -11.835348837209303 7.5))
210	POLYGON ((-11.835348837209303 8.5, -11.544651162790696 9, -10.968678160919541 9, -10.681321839080459 8.5, -10.968678160919541 8, -11.544651162790696 8, -11.835348837209303 8.5))
211	POLYGON ((-12.41132183908046 7.5, -12.69867816091954 7, -13.281321839080459 7, -13.568678160919541 7.5, -13.281321839080459 8, -12.69867816091954 8, -12.41132183908046 7.5))
212	POLYGON ((-12.41132183908046 8.5, -12.69867816091954 9, -13.281321839080459 9, -13.568678160919541 8.5, -13.281321839080459 8, -12.69867816091954 8, -12.41132183908046 8.5))
213	POLYGON ((-12.41132183908046 8.5, -12.69867816091954 9, -12.41132183908046 9.5, -11.835348837209303 9.5, -11.544651162790696 9, -11.835348837209303 8.5, -12.41132183908046 8.5))
214	POLYGON ((-12.41132183908046 7.5, -12.69867816091954 7, -12.41132183908046 6.5, -11.835348837209303 6.5, -11.544651162790696 7, -11.835348837209303 7.5, -12.41132183908046 7.5))
216	POLYGON ((-10.66170810393347 0.5796056364522088, -10.211310228687264 0.3177464066579033, -9.814651162790698 1, -10.105348837209302 1.5, -11.41999285710277 1.5, -10.76826631881334 0.6721718335815577, -10.735713955406498 0.63800749222799, -10.700089009849451 0.6070604109834936, -10.66170810393347 0.5796056364522088))
220	POLYGON ((-9.238678160919541 1, -8.951321839080459 0.5, -9.344141937926729 -0.183506971992509, -9.780227652845664 0.0671170020988333, -10.211310228687264 0.3177464066579033, -9.814651162790698 1, -9.238678160919541 1))
222	POLYGON ((2.5162244218571344 1.6388695059685858, 2.0213218390804597 2.5, 2.3086781609195404 3, 3.3385164807134506 3, 3.053933091239239 2.2885415263144715, 3.027747750782863 2.2396122139661183, 2.9963091650438063 2.1938807697682066, 2.5162244218571344 1.6388695059685858))
224	POLYGON ((2.444835049100751 0.8859926825278504, 1.8881627740948623 0.9127866761856125, 1.736046511627907 1, 1.1546511627906977 2, 1.4453488372093024 2.5, 2.0213218390804597 2.5, 2.5162244218571344 1.6388695059685858, 2.444835049100751 0.8859926825278504))
226	POLYGON ((1.1546511627906977 4, 1.4453488372093024 3.5, 1.1546511627906977 3, 0.5786781609195403 3, 0.2913218390804598 3.5, 0.5786781609195403 4, 1.1546511627906977 4))
227	POLYGON ((1.1546511627906977 3, 1.4453488372093024 2.5, 1.1546511627906977 2, 0.5786781609195402 2, 0.2913218390804597 2.5, 0.5786781609195403 3, 1.1546511627906977 3))
228	POLYGON ((1.4453488372093024 3.5, 2.0213218390804597 3.5, 2.3086781609195404 3, 2.0213218390804597 2.5, 1.4453488372093024 2.5, 1.1546511627906977 3, 1.4453488372093024 3.5))
229	POLYGON ((1.1546511627906977 4, 1.4453488372093024 4.5, 2.0213218390804597 4.5, 2.3086781609195404 4, 2.0213218390804597 3.5, 1.4453488372093024 3.5, 1.1546511627906977 4))
230	POLYGON ((1.1546511627906977 4, 1.4453488372093024 4.5, 1.1546511627906977 5, 0.5786781609195403 5, 0.2913218390804597 4.5, 0.5786781609195403 4, 1.1546511627906977 4))
233	POLYGON ((-0.5786781609195403 4, -0.2913218390804598 4.5, 0.2913218390804597 4.5, 0.5786781609195403 4, 0.2913218390804598 3.5, -0.2913218390804598 3.5, -0.5786781609195403 4))
234	POLYGON ((-0.5786781609195403 2, -0.2913218390804597 1.5, 0.2913218390804597 1.5, 0.5786781609195402 2, 0.2913218390804597 2.5, -0.2913218390804598 2.5, -0.5786781609195403 2))
235	POLYGON ((-0.5786781609195403 3, -0.2913218390804598 3.5, 0.2913218390804598 3.5, 0.5786781609195403 3, 0.2913218390804597 2.5, -0.2913218390804598 2.5, -0.5786781609195403 3))
236	POLYGON ((-0.5786781609195403 2, -0.2913218390804597 1.5, -0.8650000000000001 0.5017999999999998, -1.4453488372093024 1.5, -1.1546511627906977 2, -0.5786781609195403 2))
237	POLYGON ((-10.105348837209302 3.5, -9.814651162790698 4, -10.105348837209302 4.5, -10.681321839080459 4.5, -10.968678160919541 4, -10.681321839080459 3.5, -10.105348837209302 3.5))
238	POLYGON ((-10.105348837209302 4.5, -9.814651162790698 5, -10.105348837209302 5.5, -10.68132183908046 5.5, -10.968678160919541 5, -10.681321839080459 4.5, -10.105348837209302 4.5))
239	POLYGON ((-10.968678160919541 4, -12.703034682080924 4, -12.125 5, -10.968678160919541 5, -10.681321839080459 4.5, -10.968678160919541 4))
240	POLYGON ((-9.814651162790698 4, -9.238678160919541 4, -8.95132183908046 4.5, -9.238678160919541 5, -9.814651162790698 5, -10.105348837209302 4.5, -9.814651162790698 4))
241	POLYGON ((-10.681321839080459 3.5, -11.256034482758622 2.5, -12.2693170070735 1.912296135897371, -14.9823957611214 1.8389775189716977, -14.776071561797782 2.206823099044918, -12.703034682080924 4, -10.968678160919541 4, -10.681321839080459 3.5))
242	POLYGON ((-10.105348837209302 3.5, -9.814651162790698 3, -10.105348837209302 2.5, -11.256034482758622 2.5, -10.681321839080459 3.5, -10.105348837209302 3.5))
243	POLYGON ((-8.951321839080459 3.5, -8.36867816091954 3.5, -8.08132183908046 3, -8.36867816091954 2.5, -8.951321839080459 2.5, -9.238678160919541 3, -8.951321839080459 3.5))
244	POLYGON ((-8.08132183908046 3, -7.5053488372093025 3, -7.214651162790697 3.5, -7.5053488372093025 4, -8.08132183908046 4, -8.36867816091954 3.5, -8.08132183908046 3))
245	POLYGON ((-8.951321839080459 3.5, -9.238678160919541 4, -8.95132183908046 4.5, -8.36867816091954 4.5, -8.08132183908046 4, -8.36867816091954 3.5, -8.951321839080459 3.5))
246	POLYGON ((-8.36867816091954 2.5, -8.08132183908046 2, -7.5053488372093025 2, -7.214651162790697 2.5, -7.5053488372093025 3, -8.08132183908046 3, -8.36867816091954 2.5))
247	POLYGON ((-8.951321839080459 2.5, -9.238678160919541 2, -8.95132183908046 1.5, -8.36867816091954 1.5, -8.08132183908046 2, -8.36867816091954 2.5, -8.951321839080459 2.5))
248	POLYGON ((-9.238678160919541 3, -9.814651162790698 3, -10.105348837209302 2.5, -9.814651162790698 2, -9.238678160919541 2, -8.951321839080459 2.5, -9.238678160919541 3))
249	POLYGON ((-8.951321839080459 3.5, -9.238678160919541 4, -9.814651162790698 4, -10.105348837209302 3.5, -9.814651162790698 3, -9.238678160919541 3, -8.951321839080459 3.5))
250	POLYGON ((-5.775348837209302 2, -6.35132183908046 2, -6.6386781609195396 1.5, -6.351321839080459 1, -5.775348837209302 1, -5.484651162790698 1.5, -5.775348837209302 2))
251	POLYGON ((-5.484651162790698 2.5, -5.775348837209302 3, -6.35132183908046 3, -6.6386781609195396 2.5, -6.35132183908046 2, -5.775348837209302 2, -5.484651162790698 2.5))
252	POLYGON ((-3.4353499157180867 -0.9604088533494712, -2.895617421357789 -1.8787168531436, -1.5163347661428845 -0.6268091454271907, -0.8650000000000001 0.5, -0.8650000000000001 0.5017999999999998, -1.4453488372093024 1.5, -2.0213218390804597 1.5, -3.4353499157180867 -0.9604088533494712))
253	POLYGON ((-6.6386781609195396 8.5, -6.351321839080459 9, -6.6386781609195396 9.5, -7.214651162790697 9.5, -7.5053488372093025 9, -7.214651162790697 8.5, -6.6386781609195396 8.5))
254	POLYGON ((-7.214651162790697 9.5, -7.5053488372093025 10, -7.214651162790697 10.5, -6.6386781609195396 10.5, -6.35132183908046 10, -6.6386781609195396 9.5, -7.214651162790697 9.5))
255	POLYGON ((-7.5053488372093025 9, -8.08132183908046 9, -8.36867816091954 9.5, -8.08132183908046 10, -7.5053488372093025 10, -7.214651162790697 9.5, -7.5053488372093025 9))
256	POLYGON ((-6.6386781609195396 8.5, -6.35132183908046 8, -5.775348837209302 8, -5.484651162790698 8.5, -5.775348837209302 9, -6.351321839080459 9, -6.6386781609195396 8.5))
257	POLYGON ((-7.214651162790697 8.5, -7.5053488372093025 8, -8.08132183908046 8, -8.36867816091954 8.5, -8.08132183908046 9, -7.5053488372093025 9, -7.214651162790697 8.5))
258	POLYGON ((-6.6386781609195396 8.5, -6.35132183908046 8, -6.6386781609195396 7.5, -7.214651162790697 7.5, -7.5053488372093025 8, -7.214651162790697 8.5, -6.6386781609195396 8.5))
259	POLYGON ((-6.35132183908046 7, -6.6386781609195396 6.5, -6.35132183908046 6, -5.775348837209302 6, -5.484651162790698 6.5, -5.775348837209302 7, -6.35132183908046 7))
260	POLYGON ((-5.775348837209302 7, -5.484651162790698 7.5, -4.90867816091954 7.5, -4.62132183908046 7, -4.90867816091954 6.5, -5.484651162790698 6.5, -5.775348837209302 7))
261	POLYGON ((-5.775348837209302 6, -5.484651162790698 5.5, -4.908678160919541 5.5, -4.62132183908046 6, -4.90867816091954 6.5, -5.484651162790698 6.5, -5.775348837209302 6))
262	POLYGON ((-6.35132183908046 7, -6.6386781609195396 7.5, -7.214651162790697 7.5, -7.5053488372093025 7, -7.214651162790697 6.5, -6.6386781609195396 6.5, -6.35132183908046 7))
263	POLYGON ((-6.35132183908046 6, -6.6386781609195396 5.5, -7.214651162790697 5.5, -7.5053488372093025 6, -7.214651162790697 6.5, -6.6386781609195396 6.5, -6.35132183908046 6))
264	POLYGON ((-6.35132183908046 6, -6.6386781609195396 5.5, -6.35132183908046 5, -5.775348837209302 5, -5.484651162790698 5.5, -5.775348837209302 6, -6.35132183908046 6))
265	POLYGON ((-6.35132183908046 7, -6.6386781609195396 7.5, -6.35132183908046 8, -5.775348837209302 8, -5.484651162790698 7.5, -5.775348837209302 7, -6.35132183908046 7))
266	POLYGON ((-4.03867816091954 4, -4.62132183908046 4, -4.908678160919541 4.5, -4.62132183908046 5, -4.03867816091954 5, -3.7513218390804597 4.5, -4.03867816091954 4))
267	POLYGON ((-4.03867816091954 5, -3.75132183908046 5.5, -4.03867816091954 6, -4.62132183908046 6, -4.908678160919541 5.5, -4.62132183908046 5, -4.03867816091954 5))
268	POLYGON ((-4.908678160919541 4.5, -5.484651162790698 4.5, -5.775348837209302 5, -5.484651162790698 5.5, -4.908678160919541 5.5, -4.62132183908046 5, -4.908678160919541 4.5))
269	POLYGON ((-4.62132183908046 4, -4.908678160919541 3.5, -5.484651162790698 3.5, -5.775348837209302 4, -5.484651162790698 4.5, -4.908678160919541 4.5, -4.62132183908046 4))
270	POLYGON ((-3.7513218390804597 4.5, -3.1753488372093024 4.5, -2.8846511627906977 5, -3.1753488372093024 5.5, -3.75132183908046 5.5, -4.03867816091954 5, -3.7513218390804597 4.5))
271	POLYGON ((3.1753488372093024 8.5, 2.8846511627906977 9, 3.1753488372093024 9.5, 3.75132183908046 9.5, 4.03867816091954 9, 3.75132183908046 8.5, 3.1753488372093024 8.5))
272	POLYGON ((2.8846511627906977 9, 2.3086781609195404 9, 2.0213218390804597 9.5, 2.3086781609195404 10, 2.8846511627906977 10, 3.1753488372093024 9.5, 2.8846511627906977 9))
273	POLYGON ((3.75132183908046 8.5, 4.326034482758621 7.5, 5.347722327904112 6.907421049815615, 5.28004509476029 7.853821535117096, 4.62132183908046 9, 4.03867816091954 9, 3.75132183908046 8.5))
274	POLYGON ((3.1753488372093024 8.5, 2.8846511627906977 8, 2.3086781609195404 8, 2.0213218390804597 8.5, 2.3086781609195404 9, 2.8846511627906977 9, 3.1753488372093024 8.5))
275	POLYGON ((3.1753488372093024 8.5, 2.8846511627906977 8, 3.1753488372093024 7.5, 4.326034482758621 7.5, 3.75132183908046 8.5, 3.1753488372093024 8.5))
276	POLYGON ((0.2913218390804597 8.5, -0.2913218390804597 8.5, -0.5786781609195402 8, -0.2913218390804597 7.5, 0.2913218390804597 7.5, 0.5786781609195402 8, 0.2913218390804597 8.5))
277	POLYGON ((0.2913218390804597 7.5, 0.5786781609195402 7, 0.2913218390804597 6.5, -0.2913218390804597 6.5, -0.5786781609195402 7, -0.2913218390804597 7.5, 0.2913218390804597 7.5))
278	POLYGON ((-0.5786781609195402 8, -1.1546511627906977 8, -1.4453488372093024 7.5, -1.1546511627906977 7, -0.5786781609195402 7, -0.2913218390804597 7.5, -0.5786781609195402 8))
279	POLYGON ((-0.2913218390804597 8.5, -0.5786781609195402 9, -1.1546511627906977 9, -1.4453488372093024 8.5, -1.1546511627906977 8, -0.5786781609195402 8, -0.2913218390804597 8.5))
280	POLYGON ((0.2913218390804597 8.5, 0.5786781609195402 9, 0.2913218390804597 9.5, -0.2913218390804597 9.5, -0.5786781609195402 9, -0.2913218390804597 8.5, 0.2913218390804597 8.5))
281	POLYGON ((0.5786781609195402 8, 1.1546511627906977 8, 1.4453488372093024 7.5, 1.1546511627906977 7, 0.5786781609195402 7, 0.2913218390804597 7.5, 0.5786781609195402 8))
282	POLYGON ((0.2913218390804597 8.5, 0.5786781609195402 9, 1.1546511627906977 9, 1.4453488372093024 8.5, 1.1546511627906977 8, 0.5786781609195402 8, 0.2913218390804597 8.5))
283	POLYGON ((1.1546511627906977 10, 1.4453488372093024 9.5, 2.0213218390804597 9.5, 2.3086781609195404 10, 2.0213218390804597 10.5, 1.4453488372093024 10.5, 1.1546511627906977 10))
284	POLYGON ((0.5786781609195403 10, 0.2913218390804597 9.5, 0.5786781609195402 9, 1.1546511627906977 9, 1.4453488372093024 9.5, 1.1546511627906977 10, 0.5786781609195403 10))
285	POLYGON ((-0.5786781609195403 10, -0.2913218390804598 10.5, -0.5786781609195403 11, -1.1546511627906977 11, -1.4453488372093024 10.5, -1.1546511627906977 10, -0.5786781609195403 10))
286	POLYGON ((-0.5786781609195403 10, -0.2913218390804597 9.5, 0.2913218390804597 9.5, 0.5786781609195403 10, 0.2913218390804598 10.5, -0.2913218390804598 10.5, -0.5786781609195403 10))
287	POLYGON ((-1.1546511627906977 10, -1.4453488372093024 9.5, -2.0213218390804597 9.5, -2.3086781609195404 10, -2.0213218390804597 10.5, -1.4453488372093024 10.5, -1.1546511627906977 10))
288	POLYGON ((-1.1546511627906977 11, -1.4453488372093024 11.5, -1.1546511627906977 12, -0.5786781609195402 12, -0.2913218390804597 11.5, -0.5786781609195403 11, -1.1546511627906977 11))
289	POLYGON ((-0.5786781609195403 10, -0.2913218390804597 9.5, -0.5786781609195402 9, -1.1546511627906977 9, -1.4453488372093024 9.5, -1.1546511627906977 10, -0.5786781609195403 10))
290	POLYGON ((-2.0213218390804597 11.5, -1.4453488372093024 11.5, -1.1546511627906977 11, -1.4453488372093024 10.5, -2.0213218390804597 10.5, -2.3086781609195404 11, -2.0213218390804597 11.5))
291	POLYGON ((-2.0213218390804597 11.5, -1.4453488372093024 11.5, -1.1546511627906977 12, -1.4453488372093024 12.5, -2.0213218390804597 12.5, -2.3086781609195404 12, -2.0213218390804597 11.5))
292	POLYGON ((0.5786781609195403 11, 0.2913218390804598 10.5, -0.2913218390804598 10.5, -0.5786781609195403 11, -0.2913218390804597 11.5, 0.2913218390804598 11.5, 0.5786781609195403 11))
293	POLYGON ((1.1546511627906977 11, 1.4453488372093024 10.5, 1.1546511627906977 10, 0.5786781609195403 10, 0.2913218390804598 10.5, 0.5786781609195403 11, 1.1546511627906977 11))
294	POLYGON ((3.4650000000000003 13.9982, 4.03867816091954 13, 3.7513218390804597 12.5, 3.1753488372093024 12.5, 2.8846511627906977 13, 3.4650000000000003 13.9982))
298	POLYGON ((5.033410993463491 13, 4.03867816091954 13, 3.4650000000000003 13.9982, 3.465 15.628674511060904, 4.753988447035729 13.765974443090196, 4.776211459750626 13.726724371835331, 4.794810700165888 13.68563302671725, 5.033410993463491 13))
300	POLYGON ((-1.4453488372093024 17.5, -1.1546511627906977 18, -1.4453488372093024 18.5, -2.0213218390804597 18.5, -2.3086781609195404 18, -2.0213218390804597 17.5, -1.4453488372093024 17.5))
301	POLYGON ((-3.1753488372093024 17.5, -2.8846511627906977 18, -3.1753488372093024 18.5, -3.75132183908046 18.5, -4.03867816091954 18, -3.75132183908046 17.5, -3.1753488372093024 17.5))
302	POLYGON ((-2.8846511627906977 15, -3.1753488372093024 14.5, -3.7513218390804597 14.5, -4.03867816091954 15, -3.75132183908046 15.5, -3.1753488372093024 15.5, -2.8846511627906977 15))
303	POLYGON ((-4.03867816091954 9, -3.75132183908046 8.5, -4.03867816091954 8, -4.62132183908046 8, -4.90867816091954 8.5, -4.62132183908046 9, -4.03867816091954 9))
304	POLYGON ((-8.951321839080459 13.5, -8.36867816091954 13.5, -8.08132183908046 14, -8.36867816091954 14.5, -8.951321839080459 14.5, -9.238678160919541 14, -8.951321839080459 13.5))
305	POLYGON ((-8.951321839080459 13.5, -9.238678160919541 13, -8.951321839080459 12.5, -8.36867816091954 12.5, -8.08132183908046 13, -8.36867816091954 13.5, -8.951321839080459 13.5))
306	POLYGON ((-8.951321839080459 14.5, -9.238678160919541 15, -8.951321839080459 15.5, -8.36867816091954 15.5, -8.08132183908046 15, -8.36867816091954 14.5, -8.951321839080459 14.5))
307	POLYGON ((-9.238678160919541 14, -9.814651162790698 14, -10.105348837209302 14.5, -9.814651162790698 15, -9.238678160919541 15, -8.951321839080459 14.5, -9.238678160919541 14))
308	POLYGON ((-8.951321839080459 13.5, -9.238678160919541 13, -9.814651162790698 13, -10.105348837209302 13.5, -9.814651162790698 14, -9.238678160919541 14, -8.951321839080459 13.5))
309	POLYGON ((-7.214651162790697 14.5, -7.5053488372093025 14, -7.214651162790697 13.5, -6.6386781609195396 13.5, -6.351321839080459 14, -6.6386781609195396 14.5, -7.214651162790697 14.5))
310	POLYGON ((-6.6386781609195396 14.5, -6.35132183908046 15, -5.775348837209302 15, -5.484651162790698 14.5, -5.775348837209302 14, -6.351321839080459 14, -6.6386781609195396 14.5))
311	POLYGON ((-6.6386781609195396 13.5, -6.35132183908046 13, -5.775348837209302 13, -5.484651162790698 13.5, -5.775348837209302 14, -6.351321839080459 14, -6.6386781609195396 13.5))
312	POLYGON ((-7.214651162790697 14.5, -7.5053488372093025 15, -8.08132183908046 15, -8.36867816091954 14.5, -8.08132183908046 14, -7.5053488372093025 14, -7.214651162790697 14.5))
313	POLYGON ((-7.214651162790697 13.5, -7.5053488372093025 13, -8.08132183908046 13, -8.36867816091954 13.5, -8.08132183908046 14, -7.5053488372093025 14, -7.214651162790697 13.5))
314	POLYGON ((-6.6386781609195396 13.5, -6.35132183908046 13, -6.6386781609195396 12.5, -7.214651162790697 12.5, -7.5053488372093025 13, -7.214651162790697 13.5, -6.6386781609195396 13.5))
315	POLYGON ((-7.214651162790697 15.5, -7.5053488372093025 16, -7.214651162790697 16.5, -6.6386781609195396 16.5, -6.351321839080459 16, -6.6386781609195396 15.5, -7.214651162790697 15.5))
316	POLYGON ((-6.6386781609195396 16.5, -6.35132183908046 17, -6.6386781609195396 17.5, -7.214651162790697 17.5, -7.5053488372093025 17, -7.214651162790697 16.5, -6.6386781609195396 16.5))
317	POLYGON ((-7.5053488372093025 16, -8.08132183908046 16, -8.36867816091954 16.5, -8.08132183908046 17, -7.5053488372093025 17, -7.214651162790697 16.5, -7.5053488372093025 16))
318	POLYGON ((-6.351321839080459 16, -5.775348837209302 16, -5.484651162790698 16.5, -5.775348837209302 17, -6.35132183908046 17, -6.6386781609195396 16.5, -6.351321839080459 16))
319	POLYGON ((-7.214651162790697 15.5, -7.5053488372093025 15, -8.08132183908046 15, -8.36867816091954 15.5, -8.08132183908046 16, -7.5053488372093025 16, -7.214651162790697 15.5))
320	POLYGON ((-6.6386781609195396 15.5, -6.35132183908046 15, -5.775348837209302 15, -5.484651162790698 15.5, -5.775348837209302 16, -6.351321839080459 16, -6.6386781609195396 15.5))
321	POLYGON ((-7.214651162790697 15.5, -7.5053488372093025 15, -7.214651162790697 14.5, -6.6386781609195396 14.5, -6.35132183908046 15, -6.6386781609195396 15.5, -7.214651162790697 15.5))
322	POLYGON ((5.196034482758621 12, 5.350278401004701 12.089461472582727, 5.653527483658726 12.559207564313237, 5.033410993463491 13, 4.03867816091954 13, 3.7513218390804597 12.5, 4.03867816091954 12, 5.196034482758621 12))
323	POLYGON ((4.90867816091954 9.5, 4.62132183908046 9, 5.28004509476029 7.853821535117096, 5.673077294349985 8.83640203409134, 5.686477510327853 8.88207607187611, 5.695478876403569 8.928816406968942, 5.7 8.976200401706022, 5.7 9.5, 4.90867816091954 9.5))
326	POLYGON ((-4.908678160919541 2.5, -5.484651162790698 2.5, -5.775348837209302 3, -5.484651162790698 3.5, -4.908678160919541 3.5, -4.62132183908046 3, -4.908678160919541 2.5))
327	POLYGON ((0.2913218390804598 12.5, -0.2913218390804597 12.5, -0.5786781609195403 13, -0.2913218390804598 13.5, 0.2913218390804598 13.5, 0.5786781609195403 13, 0.2913218390804598 12.5))
328	POLYGON ((0.5786781609195403 12, 0.2913218390804598 11.5, -0.2913218390804597 11.5, -0.5786781609195402 12, -0.2913218390804597 12.5, 0.2913218390804598 12.5, 0.5786781609195403 12))
329	POLYGON ((-0.2913218390804597 17.5, 0.8660344827586206 17.5, 0.2913218390804597 18.5, -0.2913218390804597 18.5, -0.5786781609195402 18, -0.2913218390804597 17.5))
330	POLYGON ((0.2913218390804597 18.5, 0.6841419379267293 19.183506971992507, 1.1383954163604226 18.922441754501882, 1.1747888574299084 18.8969847451181, 1.208782197655934 18.868401625975412, 1.2401077519096777 18.836917478689184, 1.2685188429017689 18.80278022941095, 2.1700427616541433 17.5, 0.8660344827586206 17.5, 0.2913218390804597 18.5))
331	POLYGON ((-0.2913218390804597 18.5, -0.8649999999999999 19.4982, -0.8649999999999999 19.67550778057207, 0.1215899336107406 19.485778947185388, 0.1744381113691217 19.46940030122059, 0.225156854966028 19.447291502429692, 0.6841419379267293 19.183506971992507, 0.2913218390804597 18.5, -0.2913218390804597 18.5))
332	POLYGON ((-0.2913218390804597 17.5, -0.5786781609195402 17, -0.2913218390804597 16.5, 0.2913218390804597 16.5, 0.8660344827586206 17.5, -0.2913218390804597 17.5))
333	POLYGON ((-0.2913218390804597 17.5, -0.5786781609195402 17, -1.1546511627906977 17, -1.4453488372093024 17.5, -1.1546511627906977 18, -0.5786781609195402 18, -0.2913218390804597 17.5))
334	POLYGON ((-0.2913218390804597 18.5, -0.8649999999999999 19.4982, -1.4453488372093024 18.5, -1.1546511627906977 18, -0.5786781609195402 18, -0.2913218390804597 18.5))
335	POLYGON ((0.2913218390804597 16.5, 0.8660344827586206 17.5, 2.1700427616541433 17.5, 3.946109567790938 16.931507820911328, 3.41731577596694 16, 0.5786781609195402 16, 0.2913218390804597 16.5))
336	POLYGON ((-1.4453488372093024 13.5, -1.1546511627906977 13, -0.5786781609195403 13, -0.2913218390804598 13.5, -0.5786781609195403 14, -1.1546511627906977 14, -1.4453488372093024 13.5))
337	POLYGON ((-1.4453488372093024 13.5, -1.1546511627906977 13, -1.4453488372093024 12.5, -2.0213218390804597 12.5, -2.3086781609195404 13, -2.0213218390804597 13.5, -1.4453488372093024 13.5))
338	POLYGON ((-2.8846511627906977 17, -3.1753488372093024 17.5, -2.8846511627906977 18, -2.3086781609195404 18, -2.0213218390804597 17.5, -2.3086781609195404 17, -2.8846511627906977 17))
339	POLYGON ((-4.62132183908046 16, -4.03867816091954 16, -3.7513218390804597 16.5, -4.03867816091954 17, -4.62132183908046 17, -4.908678160919541 16.5, -4.62132183908046 16))
340	POLYGON ((-3.7513218390804597 16.5, -3.1753488372093024 16.5, -2.8846511627906977 16, -3.1753488372093024 15.5, -3.75132183908046 15.5, -4.03867816091954 16, -3.7513218390804597 16.5))
341	POLYGON ((-4.62132183908046 16, -4.90867816091954 15.5, -4.62132183908046 15, -4.03867816091954 15, -3.75132183908046 15.5, -4.03867816091954 16, -4.62132183908046 16))
342	POLYGON ((-4.03867816091954 17, -3.75132183908046 17.5, -3.1753488372093024 17.5, -2.8846511627906977 17, -3.1753488372093024 16.5, -3.7513218390804597 16.5, -4.03867816091954 17))
343	POLYGON ((-4.62132183908046 17, -5.195 17.9982, -5.195 18, -4.03867816091954 18, -3.75132183908046 17.5, -4.03867816091954 17, -4.62132183908046 17))
344	POLYGON ((-4.908678160919541 16.5, -5.484651162790698 16.5, -5.775348837209302 17, -5.195 17.9982, -4.62132183908046 17, -4.908678160919541 16.5))
345	POLYGON ((-4.62132183908046 16, -4.90867816091954 15.5, -5.484651162790698 15.5, -5.775348837209302 16, -5.484651162790698 16.5, -4.908678160919541 16.5, -4.62132183908046 16))
346	POLYGON ((-2.0213218390804597 14.5, -2.3086781609195404 14, -2.8846511627906977 14, -3.1753488372093024 14.5, -2.8846511627906977 15, -2.3086781609195404 15, -2.0213218390804597 14.5))
347	POLYGON ((-1.4453488372093024 14.5, -1.1546511627906977 14, -1.4453488372093024 13.5, -2.0213218390804597 13.5, -2.3086781609195404 14, -2.0213218390804597 14.5, -1.4453488372093024 14.5))
348	POLYGON ((-5.484651162790698 9.5, -5.775348837209302 9, -6.351321839080459 9, -6.6386781609195396 9.5, -6.35132183908046 10, -5.775348837209302 10, -5.484651162790698 9.5))
349	POLYGON ((-4.90867816091954 9.5, -4.62132183908046 9, -4.90867816091954 8.5, -5.484651162790698 8.5, -5.775348837209302 9, -5.484651162790698 9.5, -4.90867816091954 9.5))
350	POLYGON ((-3.75132183908046 9.5, -4.03867816091954 9, -4.62132183908046 9, -4.90867816091954 9.5, -4.62132183908046 10, -4.03867816091954 10, -3.75132183908046 9.5))
351	POLYGON ((-3.1753488372093024 9.5, -2.8846511627906977 9, -2.3086781609195404 9, -2.0213218390804597 9.5, -2.3086781609195404 10, -2.8846511627906977 10, -3.1753488372093024 9.5))
352	POLYGON ((-3.75132183908046 9.5, -4.03867816091954 9, -3.75132183908046 8.5, -3.1753488372093024 8.5, -2.8846511627906977 9, -3.1753488372093024 9.5, -3.75132183908046 9.5))
353	POLYGON ((-5.484651162790698 11.5, -5.775348837209302 11, -5.484651162790698 10.5, -4.90867816091954 10.5, -4.62132183908046 11, -4.90867816091954 11.5, -5.484651162790698 11.5))
354	POLYGON ((-5.484651162790698 10.5, -5.775348837209302 10, -6.35132183908046 10, -6.6386781609195396 10.5, -6.35132183908046 11, -5.775348837209302 11, -5.484651162790698 10.5))
355	POLYGON ((-5.484651162790698 11.5, -5.775348837209302 12, -6.351321839080459 12, -6.6386781609195396 11.5, -6.35132183908046 11, -5.775348837209302 11, -5.484651162790698 11.5))
356	POLYGON ((-5.484651162790698 10.5, -5.775348837209302 10, -5.484651162790698 9.5, -4.90867816091954 9.5, -4.62132183908046 10, -4.90867816091954 10.5, -5.484651162790698 10.5))
357	POLYGON ((-3.75132183908046 11.5, -4.03867816091954 11, -3.75132183908046 10.5, -3.1753488372093024 10.5, -2.8846511627906977 11, -3.1753488372093024 11.5, -3.75132183908046 11.5))
358	POLYGON ((-3.75132183908046 10.5, -4.03867816091954 10, -4.62132183908046 10, -4.90867816091954 10.5, -4.62132183908046 11, -4.03867816091954 11, -3.75132183908046 10.5))
359	POLYGON ((-3.1753488372093024 11.5, -2.8846511627906977 12, -2.3086781609195404 12, -2.0213218390804597 11.5, -2.3086781609195404 11, -2.8846511627906977 11, -3.1753488372093024 11.5))
360	POLYGON ((-3.1753488372093024 10.5, -2.8846511627906977 10, -2.3086781609195404 10, -2.0213218390804597 10.5, -2.3086781609195404 11, -2.8846511627906977 11, -3.1753488372093024 10.5))
361	POLYGON ((-3.75132183908046 10.5, -4.03867816091954 10, -3.75132183908046 9.5, -3.1753488372093024 9.5, -2.8846511627906977 10, -3.1753488372093024 10.5, -3.75132183908046 10.5))
362	POLYGON ((-4.62132183908046 12, -4.90867816091954 11.5, -5.484651162790698 11.5, -5.775348837209302 12, -5.484651162790698 12.5, -4.908678160919541 12.5, -4.62132183908046 12))
363	POLYGON ((-4.62132183908046 13, -4.90867816091954 13.5, -5.484651162790698 13.5, -5.775348837209302 13, -5.484651162790698 12.5, -4.908678160919541 12.5, -4.62132183908046 13))
364	POLYGON ((-4.03867816091954 12, -3.75132183908046 11.5, -4.03867816091954 11, -4.62132183908046 11, -4.90867816091954 11.5, -4.62132183908046 12, -4.03867816091954 12))
365	POLYGON ((4.62132183908046 10, 4.90867816091954 9.5, 4.62132183908046 9, 4.03867816091954 9, 3.75132183908046 9.5, 4.03867816091954 10, 4.62132183908046 10))
366	POLYGON ((4.908678160919541 10.5, 5.7 10.5, 5.7 11.027936681239165, 5.6937757657483425 11.083462274821006, 5.681404779429068 11.137948890903514, 5.350278401004701 12.089461472582727, 5.196034482758621 12, 4.62132183908046 11, 4.908678160919541 10.5))
367	POLYGON ((4.62132183908046 10, 4.90867816091954 9.5, 5.7 9.5, 6.2 10, 5.7 10.5, 4.908678160919541 10.5, 4.62132183908046 10))
368	POLYGON ((3.75132183908046 10.5, 4.03867816091954 11, 3.75132183908046 11.5, 3.1753488372093024 11.5, 2.8846511627906977 11, 3.1753488372093024 10.5, 3.75132183908046 10.5))
369	POLYGON ((3.75132183908046 11.5, 4.03867816091954 12, 3.7513218390804597 12.5, 3.1753488372093024 12.5, 2.8846511627906977 12, 3.1753488372093024 11.5, 3.75132183908046 11.5))
370	POLYGON ((4.03867816091954 11, 4.62132183908046 11, 5.196034482758621 12, 4.03867816091954 12, 3.75132183908046 11.5, 4.03867816091954 11))
371	POLYGON ((3.1753488372093024 10.5, 2.8846511627906977 10, 2.3086781609195404 10, 2.0213218390804597 10.5, 2.3086781609195404 11, 2.8846511627906977 11, 3.1753488372093024 10.5))
372	POLYGON ((3.75132183908046 10.5, 4.03867816091954 10, 4.62132183908046 10, 4.908678160919541 10.5, 4.62132183908046 11, 4.03867816091954 11, 3.75132183908046 10.5))
373	POLYGON ((3.75132183908046 10.5, 4.03867816091954 10, 3.75132183908046 9.5, 3.1753488372093024 9.5, 2.8846511627906977 10, 3.1753488372093024 10.5, 3.75132183908046 10.5))
374	POLYGON ((-1.4453488372093024 4.5, -1.1546511627906977 5, -0.5786781609195403 5, -0.2913218390804598 4.5, -0.5786781609195403 4, -1.1546511627906977 4, -1.4453488372093024 4.5))
375	POLYGON ((-2.0213218390804597 4.5, -2.3086781609195404 5, -2.8846511627906977 5, -3.1753488372093024 4.5, -2.8846511627906977 4, -2.3086781609195404 4, -2.0213218390804597 4.5))
376	POLYGON ((-1.4453488372093024 4.5, -1.1546511627906977 5, -1.4453488372093024 5.5, -2.0213218390804597 5.5, -2.3086781609195404 5, -2.0213218390804597 4.5, -1.4453488372093024 4.5))
377	POLYGON ((-1.4453488372093024 2.5, -1.1546511627906977 3, -1.4453488372093024 3.5, -2.0213218390804597 3.5, -2.3086781609195404 3, -2.0213218390804597 2.5, -1.4453488372093024 2.5))
378	POLYGON ((-1.4453488372093024 2.5, -1.1546511627906977 2, -0.5786781609195403 2, -0.2913218390804598 2.5, -0.5786781609195403 3, -1.1546511627906977 3, -1.4453488372093024 2.5))
379	POLYGON ((-1.4453488372093024 3.5, -1.1546511627906977 4, -0.5786781609195403 4, -0.2913218390804598 3.5, -0.5786781609195403 3, -1.1546511627906977 3, -1.4453488372093024 3.5))
380	POLYGON ((-2.0213218390804597 3.5, -2.3086781609195404 4, -2.0213218390804597 4.5, -1.4453488372093024 4.5, -1.1546511627906977 4, -1.4453488372093024 3.5, -2.0213218390804597 3.5))
381	POLYGON ((-1.4453488372093024 2.5, -1.1546511627906977 2, -1.4453488372093024 1.5, -2.0213218390804597 1.5, -2.3086781609195404 2, -2.0213218390804597 2.5, -1.4453488372093024 2.5))
382	POLYGON ((-3.465 -0.9269873925665877, -3.465 1.0018000000000002, -4.03867816091954 2, -4.62132183908046 2, -4.908678160919541 1.5, -3.5364318294455797 -0.8877086167646921, -3.465 -0.9269873925665877))
383	POLYGON ((-4.62132183908046 2, -4.908678160919541 2.5, -5.484651162790698 2.5, -5.775348837209302 2, -5.484651162790698 1.5, -4.908678160919541 1.5, -4.62132183908046 2))
384	POLYGON ((-3.5364318294455797 -0.8877086167646921, -3.7755575588221255 -0.8132136662753138, -5.193953488372093 0, -5.775348837209302 1, -5.484651162790698 1.5, -4.908678160919541 1.5, -3.5364318294455797 -0.8877086167646921))
385	POLYGON ((-3.465 -0.9269873925665877, -3.4353499157180867 -0.9604088533494712, -2.0213218390804597 1.5, -2.3086781609195404 2, -2.8846511627906977 2, -3.465 1.0018000000000002, -3.465 -0.9269873925665877))
387	POLYGON ((-3.75132183908046 2.5, -4.03867816091954 3, -3.75132183908046 3.5, -3.1753488372093024 3.5, -2.8846511627906977 3, -3.1753488372093024 2.5, -3.75132183908046 2.5))
388	POLYGON ((-3.1753488372093024 3.5, -2.8846511627906977 4, -2.3086781609195404 4, -2.0213218390804597 3.5, -2.3086781609195404 3, -2.8846511627906977 3, -3.1753488372093024 3.5))
389	POLYGON ((-3.1753488372093024 2.5, -2.8846511627906977 2, -2.3086781609195404 2, -2.0213218390804597 2.5, -2.3086781609195404 3, -2.8846511627906977 3, -3.1753488372093024 2.5))
390	POLYGON ((-3.75132183908046 2.5, -4.03867816091954 2, -4.62132183908046 2, -4.908678160919541 2.5, -4.62132183908046 3, -4.03867816091954 3, -3.75132183908046 2.5))
391	POLYGON ((-3.75132183908046 3.5, -4.03867816091954 4, -4.62132183908046 4, -4.908678160919541 3.5, -4.62132183908046 3, -4.03867816091954 3, -3.75132183908046 3.5))
392	POLYGON ((-3.1753488372093024 3.5, -2.8846511627906977 4, -3.1753488372093024 4.5, -3.7513218390804597 4.5, -4.03867816091954 4, -3.75132183908046 3.5, -3.1753488372093024 3.5))
393	POLYGON ((-3.75132183908046 2.5, -4.03867816091954 2, -3.465 1.0018000000000002, -2.8846511627906977 2, -3.1753488372093024 2.5, -3.75132183908046 2.5))
394	POLYGON ((2.0213218390804597 13.5, 3.4034245807717256 15.904858770542802, 3.465 15.628674511060904, 3.4650000000000003 13.9982, 2.8846511627906977 13, 2.3086781609195404 13, 2.0213218390804597 13.5))
395	POLYGON ((1.4453488372093024 13.5, 1.1546511627906977 14, 0.5786781609195403 14, 0.2913218390804598 13.5, 0.5786781609195403 13, 1.1546511627906977 13, 1.4453488372093024 13.5))
396	POLYGON ((2.0213218390804597 13.5, 3.4034245807717256 15.904858770542802, 3.4024054243041726 15.955379109934393, 1.736046511627907 15, 1.1546511627906977 14, 1.4453488372093024 13.5, 2.0213218390804597 13.5))
397	POLYGON ((2.0213218390804597 11.5, 2.3086781609195404 12, 2.0213218390804597 12.5, 1.4453488372093024 12.5, 1.1546511627906977 12, 1.4453488372093024 11.5, 2.0213218390804597 11.5))
398	POLYGON ((2.0213218390804597 11.5, 2.3086781609195404 11, 2.8846511627906977 11, 3.1753488372093024 11.5, 2.8846511627906977 12, 2.3086781609195404 12, 2.0213218390804597 11.5))
399	POLYGON ((2.0213218390804597 12.5, 2.3086781609195404 13, 2.8846511627906977 13, 3.1753488372093024 12.5, 2.8846511627906977 12, 2.3086781609195404 12, 2.0213218390804597 12.5))
400	POLYGON ((1.4453488372093024 12.5, 1.1546511627906977 13, 0.5786781609195403 13, 0.2913218390804598 12.5, 0.5786781609195403 12, 1.1546511627906977 12, 1.4453488372093024 12.5))
401	POLYGON ((1.4453488372093024 11.5, 1.1546511627906977 11, 0.5786781609195403 11, 0.2913218390804598 11.5, 0.5786781609195403 12, 1.1546511627906977 12, 1.4453488372093024 11.5))
402	POLYGON ((1.4453488372093024 12.5, 1.1546511627906977 13, 1.4453488372093024 13.5, 2.0213218390804597 13.5, 2.3086781609195404 13, 2.0213218390804597 12.5, 1.4453488372093024 12.5))
403	POLYGON ((2.0213218390804597 11.5, 2.3086781609195404 11, 2.0213218390804597 10.5, 1.4453488372093024 10.5, 1.1546511627906977 11, 1.4453488372093024 11.5, 2.0213218390804597 11.5))
404	POLYGON ((0.2913218390804597 15.5, -0.2913218390804597 15.5, -0.5786781609195402 15, -0.2913218390804597 14.5, 0.2913218390804597 14.5, 0.5786781609195402 15, 0.2913218390804597 15.5))
405	POLYGON ((-0.2913218390804597 14.5, -0.5786781609195403 14, -1.1546511627906977 14, -1.4453488372093024 14.5, -1.1546511627906977 15, -0.5786781609195402 15, -0.2913218390804597 14.5))
406	POLYGON ((0.2913218390804597 14.5, 0.5786781609195403 14, 0.2913218390804598 13.5, -0.2913218390804598 13.5, -0.5786781609195403 14, -0.2913218390804597 14.5, 0.2913218390804597 14.5))
407	POLYGON ((0.2913218390804597 15.5, 0.5786781609195402 16, 0.2913218390804597 16.5, -0.2913218390804597 16.5, -0.5786781609195402 16, -0.2913218390804597 15.5, 0.2913218390804597 15.5))
408	POLYGON ((0.5786781609195402 15, 1.736046511627907 15, 1.1546511627906977 14, 0.5786781609195403 14, 0.2913218390804597 14.5, 0.5786781609195402 15))
409	POLYGON ((0.2913218390804597 15.5, 0.5786781609195402 16, 3.41731577596694 16, 3.4024054243041726 15.955379109934393, 1.736046511627907 15, 0.5786781609195402 15, 0.2913218390804597 15.5))
410	POLYGON ((-2.0213218390804597 15.5, -2.3086781609195404 16, -2.0213218390804597 16.5, -1.4453488372093024 16.5, -1.1546511627906977 16, -1.4453488372093024 15.5, -2.0213218390804597 15.5))
411	POLYGON ((-2.0213218390804597 16.5, -2.3086781609195404 17, -2.0213218390804597 17.5, -1.4453488372093024 17.5, -1.1546511627906977 17, -1.4453488372093024 16.5, -2.0213218390804597 16.5))
412	POLYGON ((-1.1546511627906977 16, -0.5786781609195402 16, -0.2913218390804597 16.5, -0.5786781609195402 17, -1.1546511627906977 17, -1.4453488372093024 16.5, -1.1546511627906977 16))
413	POLYGON ((-2.3086781609195404 16, -2.8846511627906977 16, -3.1753488372093024 16.5, -2.8846511627906977 17, -2.3086781609195404 17, -2.0213218390804597 16.5, -2.3086781609195404 16))
414	POLYGON ((-1.4453488372093024 15.5, -1.1546511627906977 15, -0.5786781609195402 15, -0.2913218390804597 15.5, -0.5786781609195402 16, -1.1546511627906977 16, -1.4453488372093024 15.5))
415	POLYGON ((-2.0213218390804597 15.5, -2.3086781609195404 15, -2.8846511627906977 15, -3.1753488372093024 15.5, -2.8846511627906977 16, -2.3086781609195404 16, -2.0213218390804597 15.5))
416	POLYGON ((-2.0213218390804597 15.5, -2.3086781609195404 15, -2.0213218390804597 14.5, -1.4453488372093024 14.5, -1.1546511627906977 15, -1.4453488372093024 15.5, -2.0213218390804597 15.5))
417	POLYGON ((-3.75132183908046 13.5, -4.03867816091954 13, -3.75132183908046 12.5, -3.1753488372093024 12.5, -2.8846511627906977 13, -3.1753488372093024 13.5, -3.75132183908046 13.5))
418	POLYGON ((-3.75132183908046 12.5, -4.03867816091954 12, -3.75132183908046 11.5, -3.1753488372093024 11.5, -2.8846511627906977 12, -3.1753488372093024 12.5, -3.75132183908046 12.5))
419	POLYGON ((-2.8846511627906977 13, -2.3086781609195404 13, -2.0213218390804597 12.5, -2.3086781609195404 12, -2.8846511627906977 12, -3.1753488372093024 12.5, -2.8846511627906977 13))
420	POLYGON ((-4.03867816091954 13, -4.62132183908046 13, -4.908678160919541 12.5, -4.62132183908046 12, -4.03867816091954 12, -3.75132183908046 12.5, -4.03867816091954 13))
421	POLYGON ((-3.1753488372093024 13.5, -2.8846511627906977 14, -2.3086781609195404 14, -2.0213218390804597 13.5, -2.3086781609195404 13, -2.8846511627906977 13, -3.1753488372093024 13.5))
422	POLYGON ((-3.75132183908046 13.5, -4.03867816091954 14, -4.62132183908046 14, -4.90867816091954 13.5, -4.62132183908046 13, -4.03867816091954 13, -3.75132183908046 13.5))
423	POLYGON ((-3.75132183908046 13.5, -4.03867816091954 14, -3.7513218390804597 14.5, -3.1753488372093024 14.5, -2.8846511627906977 14, -3.1753488372093024 13.5, -3.75132183908046 13.5))
