0	POLYGON ((-10.39 1, -10.39 2, -9.53 1.5, -10.39 1))
1	POLYGON ((-10.39 2, -10.39 1, -11.26 3.5, -10.39 2))
2	POLYGON ((-11.26 3.5, -10.39 1, -13.86 6, -11.26 3.5))
3	POLYGON ((-13.86 6, -10.39 1, -14.72 6.5, -13.86 6))
4	POLYGON ((-9.53 0.5, -10.39 1, -9.53 1.5, -9.53 0.5))
5	POLYGON ((-9.53 0.5, -9.53 1.5, -8.66 1, -9.53 0.5))
6	POLYGON ((-8.66 0, -9.53 0.5, -8.66 1, -8.66 0))
7	POLYGON ((0 0, -6.06 -0.5, -1.73 1, 0 0))
8	POLYGON ((0 0, 0 1, 0.87 0.5, 0 0))
9	POLYGON ((0 1, 0 0, -1.73 1, 0 1))
10	POLYGON ((4.33 13.5, 5.2 11, 4.33 12.5, 4.33 13.5))
11	POLYGON ((5.2 11, 5.2 10, 4.33 10.5, 5.2 11))
12	POLYGON ((5.2 11, 4.33 10.5, 4.33 11.5, 5.2 11))
13	POLYGON ((4.33 12.5, 5.2 11, 4.33 11.5, 4.33 12.5))
14	POLYGON ((0 19, 0.87 18.5, 0 18, 0 19))
15	POLYGON ((0 19, -1.73 19, -2.6 19.5, 0 19))
16	POLYGON ((-1.73 19, 0 19, -0.87 18.5, -1.73 19))
17	POLYGON ((0 19, 0 18, -0.87 18.5, 0 19))
18	POLYGON ((-12.99 15.5, -11.26 17.5, -12.12 16, -12.99 15.5))
19	POLYGON ((-12.12 16, -11.26 17.5, -11.26 16.5, -12.12 16))
20	POLYGON ((-11.26 16.5, -11.26 17.5, -10.39 17, -11.26 16.5))
21	POLYGON ((-11.26 17.5, -9.53 18.5, -10.39 18, -11.26 17.5))
22	POLYGON ((-10.39 17, -11.26 17.5, -10.39 18, -10.39 17))
23	POLYGON ((-1.73 1, -6.06 -0.5, -2.6 1.5, -1.73 1))
24	POLYGON ((-1.73 1, -2.6 1.5, -1.73 2, -1.73 1))
25	POLYGON ((0 1, -1.73 1, -0.87 1.5, 0 1))
26	POLYGON ((-0.87 1.5, -1.73 1, -1.73 2, -0.87 1.5))
27	POLYGON ((-0.87 2.5, -1.73 2, -1.73 3, -0.87 2.5))
28	POLYGON ((-1.73 2, -0.87 2.5, -0.87 1.5, -1.73 2))
29	POLYGON ((-0.87 1.5, -0.87 2.5, 0 2, -0.87 1.5))
30	POLYGON ((-0.87 2.5, -0.87 3.5, 0 3, -0.87 2.5))
31	POLYGON ((-0.87 3.5, -0.87 2.5, -1.73 3, -0.87 3.5))
32	POLYGON ((-0.87 2.5, 0 3, 0 2, -0.87 2.5))
33	POLYGON ((0 1, -0.87 1.5, 0 2, 0 1))
34	POLYGON ((-1.73 4, -0.87 3.5, -1.73 3, -1.73 4))
35	POLYGON ((-0.87 3.5, -1.73 4, -0.87 4.5, -0.87 3.5))
36	POLYGON ((-1.73 4, -1.73 3, -2.6 3.5, -1.73 4))
37	POLYGON ((-1.73 4, -2.6 3.5, -2.6 4.5, -1.73 4))
38	POLYGON ((-0.87 4.5, -1.73 4, -1.73 5, -0.87 4.5))
39	POLYGON ((-1.73 4, -2.6 4.5, -1.73 5, -1.73 4))
40	POLYGON ((-0.87 3.5, 0 4, 0 3, -0.87 3.5))
41	POLYGON ((0 4, -0.87 3.5, -0.87 4.5, 0 4))
42	POLYGON ((-12.12 16, -11.26 16.5, -11.26 15.5, -12.12 16))
43	POLYGON ((-12.99 15.5, -12.12 16, -12.12 15, -12.99 15.5))
44	POLYGON ((-12.12 15, -12.12 16, -11.26 15.5, -12.12 15))
45	POLYGON ((-11.26 16.5, -10.39 17, -10.39 16, -11.26 16.5))
46	POLYGON ((-11.26 16.5, -10.39 16, -11.26 15.5, -11.26 16.5))
47	POLYGON ((-13.86 11, -12.99 10.5, -13.86 10, -13.86 11))
48	POLYGON ((-12.99 10.5, -13.86 11, -12.99 11.5, -12.99 10.5))
49	POLYGON ((-13.86 11, -13.86 10, -14.72 9.5, -13.86 11))
50	POLYGON ((-12.99 11.5, -13.86 11, -12.99 15.5, -12.99 11.5))
51	POLYGON ((-12.99 15.5, -13.86 11, -15.59 9, -12.99 15.5))
52	POLYGON ((-15.59 9, -13.86 11, -14.72 9.5, -15.59 9))
53	POLYGON ((-14.72 6.5, -15.59 9, -14.72 7.5, -14.72 6.5))
54	POLYGON ((-15.59 9, -14.72 8.5, -14.72 7.5, -15.59 9))
55	POLYGON ((-14.72 8.5, -15.59 9, -14.72 9.5, -14.72 8.5))
56	POLYGON ((-2.6 19.5, -1.73 19, -2.6 18.5, -2.6 19.5))
57	POLYGON ((-9.53 18.5, -2.6 19.5, -3.46 19, -9.53 18.5))
58	POLYGON ((-3.46 19, -2.6 19.5, -2.6 18.5, -3.46 19))
59	POLYGON ((0 18, 0.87 18.5, 0.87 16.5, 0 17, 0 18))
60	POLYGON ((0 18, -0.87 17.5, -0.87 18.5, 0 18))
61	POLYGON ((-0.87 17.5, 0 18, 0 17, -0.87 17.5))
62	POLYGON ((0.87 18.5, 4.33 13.5, 0.87 16.5, 0.87 18.5))
63	POLYGON ((-3.46 9, -2.6 8.5, -3.46 8, -3.46 9))
64	POLYGON ((-2.6 8.5, -3.46 9, -2.6 9.5, -2.6 8.5))
65	POLYGON ((-2.6 9.5, -3.46 9, -3.46 10, -2.6 9.5))
66	POLYGON ((-3.46 9, -4.33 9.5, -3.46 10, -3.46 9))
67	POLYGON ((-4.33 9.5, -3.46 9, -4.33 8.5, -4.33 9.5))
68	POLYGON ((-4.33 8.5, -3.46 9, -3.46 8, -4.33 8.5))
69	POLYGON ((-5.2 17, -4.33 16.5, -5.2 16, -5.2 17))
70	POLYGON ((-4.33 16.5, -5.2 17, -4.33 17.5, -4.33 16.5))
71	POLYGON ((-5.2 17, -5.2 16, -6.06 16.5, -5.2 17))
72	POLYGON ((-4.33 17.5, -5.2 17, -6.06 17.5, -4.33 17.5))
73	POLYGON ((-6.06 17.5, -5.2 17, -6.06 16.5, -6.06 17.5))
74	POLYGON ((-6.06 17.5, -4.33 18.5, -4.33 17.5, -6.06 17.5))
75	POLYGON ((-4.33 18.5, -6.06 17.5, -6.93 18, -4.33 18.5))
76	POLYGON ((-6.93 18, -6.06 17.5, -6.93 17, -6.93 18))
77	POLYGON ((-6.93 17, -6.06 17.5, -6.06 16.5, -6.93 17))
78	POLYGON ((-6.93 18, -6.93 17, -7.79 17.5, -6.93 18))
79	POLYGON ((-4.33 18.5, -6.93 18, -3.46 19, -4.33 18.5))
80	POLYGON ((-3.46 19, -6.93 18, -9.53 18.5, -3.46 19))
81	POLYGON ((-9.53 18.5, -6.93 18, -8.66 18, -9.53 18.5))
82	POLYGON ((-8.66 18, -6.93 18, -7.79 17.5, -8.66 18))
83	POLYGON ((-10.39 18, -9.53 18.5, -9.53 17.5, -10.39 18))
84	POLYGON ((-10.39 17, -10.39 18, -9.53 17.5, -10.39 17))
85	POLYGON ((-9.53 18.5, -8.66 18, -9.53 17.5, -9.53 18.5))
86	POLYGON ((-6.06 16.5, -5.2 16, -6.06 15.5, -6.06 16.5))
87	POLYGON ((-6.06 15.5, -5.2 16, -5.2 15, -6.06 15.5))
88	POLYGON ((-5.2 16, -4.33 16.5, -4.33 15.5, -5.2 16))
89	POLYGON ((-5.2 16, -4.33 15.5, -5.2 15, -5.2 16))
90	POLYGON ((-11.26 4.5, -12.99 5.5, -11.26 5.5, -11.26 4.5))
91	POLYGON ((-12.99 5.5, -11.26 4.5, -11.26 3.5, -12.99 5.5))
92	POLYGON ((-11.26 3.5, -11.26 4.5, -10.39 4, -11.26 3.5))
93	POLYGON ((-10.39 4, -11.26 4.5, -10.39 5, -10.39 4))
94	POLYGON ((-10.39 5, -11.26 4.5, -11.26 5.5, -10.39 5))
95	POLYGON ((-8.66 1, -9.53 1.5, -8.66 2, -8.66 1))
96	POLYGON ((-9.53 1.5, -10.39 2, -9.53 2.5, -9.53 1.5))
97	POLYGON ((-9.53 1.5, -9.53 2.5, -8.66 2, -9.53 1.5))
98	POLYGON ((-10.39 2, -11.26 3.5, -10.39 3, -10.39 2))
99	POLYGON ((-9.53 2.5, -10.39 2, -10.39 3, -9.53 2.5))
100	POLYGON ((-11.26 3.5, -10.39 4, -10.39 3, -11.26 3.5))
101	POLYGON ((-11.26 3.5, -13.86 6, -12.99 5.5, -11.26 3.5))
102	POLYGON ((-14.72 6.5, -14.72 7.5, -13.86 7, -14.72 6.5))
103	POLYGON ((-13.86 6, -14.72 6.5, -13.86 7, -13.86 6))
104	POLYGON ((-12.99 5.5, -13.86 6, -12.99 6.5, -12.99 5.5))
105	POLYGON ((-12.99 6.5, -13.86 6, -13.86 7, -12.99 6.5))
106	POLYGON ((-14.72 7.5, -14.72 8.5, -13.86 8, -14.72 7.5))
107	POLYGON ((-14.72 7.5, -13.86 8, -13.86 7, -14.72 7.5))
108	POLYGON ((-7.79 0.5, -8.66 1, -7.79 1.5, -7.79 0.5))
109	POLYGON ((-8.66 1, -7.79 0.5, -8.66 0, -8.66 1))
110	POLYGON ((-7.79 0.5, -7.79 1.5, -6.93 1, -7.79 0.5))
111	POLYGON ((-7.79 0.5, -6.93 1, -6.93 0, -7.79 0.5))
112	POLYGON ((-7.79 0.5, -6.93 0, -8.66 0, -7.79 0.5))
113	POLYGON ((-8.66 1, -8.66 2, -7.79 1.5, -8.66 1))
114	POLYGON ((-8.66 0, -6.93 0, -6.06 -0.5, -8.66 0))
115	POLYGON ((-6.06 -0.5, -6.93 0, -6.06 0.5, -6.06 -0.5))
116	POLYGON ((-6.93 0, -6.93 1, -6.06 0.5, -6.93 0))
117	POLYGON ((-6.93 1, -6.93 2, -6.06 1.5, -6.93 1))
118	POLYGON ((-6.93 2, -6.93 1, -7.79 1.5, -6.93 2))
119	POLYGON ((-6.93 1, -6.06 1.5, -6.06 0.5, -6.93 1))
120	POLYGON ((0 1, 0 2, 0.87 1.5, 0 1))
121	POLYGON ((0.87 0.5, 0 1, 0.87 1.5, 0.87 0.5))
122	POLYGON ((2.6 2.5, 0.87 0.5, 1.73 2, 2.6 2.5))
123	POLYGON ((1.73 2, 0.87 0.5, 0.87 1.5, 1.73 2))
124	POLYGON ((0 4, 0 5, 0.87 4.5, 0 4))
125	POLYGON ((0 5, 0 4, -0.87 4.5, 0 5))
126	POLYGON ((0 4, 0.87 4.5, 0.87 3.5, 0 4))
127	POLYGON ((0 3, 0 4, 0.87 3.5, 0 3))
128	POLYGON ((0 2, 0 3, 0.87 2.5, 0 2))
129	POLYGON ((0.87 1.5, 0 2, 0.87 2.5, 0.87 1.5))
130	POLYGON ((0 3, 0.87 3.5, 0.87 2.5, 0 3))
131	POLYGON ((1.73 2, 0.87 1.5, 0.87 2.5, 1.73 2))
132	POLYGON ((4.33 13.5, 4.33 12.5, 3.46 13, 4.33 13.5))
133	POLYGON ((4.33 12.5, 4.33 11.5, 3.46 12, 4.33 12.5))
134	POLYGON ((4.33 12.5, 3.46 12, 3.46 13, 4.33 12.5))
135	POLYGON ((0.87 16.5, 4.33 13.5, 0.87 15.5, 0.87 16.5))
136	POLYGON ((0.87 15.5, 4.33 13.5, 2.6 13.5, 0.87 15.5))
137	POLYGON ((2.6 13.5, 4.33 13.5, 3.46 13, 2.6 13.5))
138	POLYGON ((0.87 5.5, 1.73 5, 0.87 4.5, 0.87 5.5))
139	POLYGON ((1.73 5, 0.87 5.5, 1.73 6, 1.73 5))
140	POLYGON ((1.73 6, 0.87 5.5, 0.87 6.5, 1.73 6))
141	POLYGON ((0.87 5.5, 0 5, 0 6, 0.87 5.5))
142	POLYGON ((0 5, 0.87 5.5, 0.87 4.5, 0 5))
143	POLYGON ((0.87 5.5, 0 6, 0.87 6.5, 0.87 5.5))
144	POLYGON ((-2.6 8.5, -2.6 7.5, -3.46 8, -2.6 8.5))
145	POLYGON ((-2.6 7.5, -2.6 8.5, -1.73 8, -2.6 7.5))
146	POLYGON ((-2.6 8.5, -1.73 9, -1.73 8, -2.6 8.5))
147	POLYGON ((-1.73 9, -2.6 8.5, -2.6 9.5, -1.73 9))
148	POLYGON ((0.87 6.5, 0 6, 0 7, 0.87 6.5))
149	POLYGON ((0 6, 0 5, -0.87 5.5, 0 6))
150	POLYGON ((0 7, 0 6, -0.87 6.5, 0 7))
151	POLYGON ((-0.87 6.5, 0 6, -0.87 5.5, -0.87 6.5))
152	POLYGON ((0 5, -0.87 4.5, -0.87 5.5, 0 5))
153	POLYGON ((-0.87 4.5, -1.73 5, -0.87 5.5, -0.87 4.5))
154	POLYGON ((-0.87 7.5, -0.87 6.5, -1.73 7, -0.87 7.5))
155	POLYGON ((-0.87 6.5, -0.87 7.5, 0 7, -0.87 6.5))
156	POLYGON ((0 7, -0.87 7.5, 0 8, 0 7))
157	POLYGON ((0 8, -0.87 7.5, -0.87 8.5, 0 8))
158	POLYGON ((-0.87 8.5, -0.87 7.5, -1.73 8, -0.87 8.5))
159	POLYGON ((-1.73 8, -0.87 7.5, -1.73 7, -1.73 8))
160	POLYGON ((-0.87 8.5, -1.73 8, -1.73 9, -0.87 8.5))
161	POLYGON ((-2.6 7.5, -1.73 8, -1.73 7, -2.6 7.5))
162	POLYGON ((-12.99 10.5, -12.12 11, -12.12 10, -12.99 10.5))
163	POLYGON ((-12.12 11, -12.99 10.5, -12.99 11.5, -12.12 11))
164	POLYGON ((-12.99 10.5, -12.99 9.5, -13.86 10, -12.99 10.5))
165	POLYGON ((-12.99 9.5, -12.99 10.5, -12.12 10, -12.99 9.5))
166	POLYGON ((-13.86 9, -14.72 9.5, -13.86 10, -13.86 9))
167	POLYGON ((-14.72 9.5, -13.86 9, -14.72 8.5, -14.72 9.5))
168	POLYGON ((-14.72 8.5, -13.86 9, -13.86 8, -14.72 8.5))
169	POLYGON ((-13.86 9, -12.99 9.5, -12.99 8.5, -13.86 9))
170	POLYGON ((-12.99 9.5, -13.86 9, -13.86 10, -12.99 9.5))
171	POLYGON ((-13.86 9, -12.99 8.5, -13.86 8, -13.86 9))
172	POLYGON ((-12.99 9.5, -12.12 10, -12.12 9, -12.99 9.5))
173	POLYGON ((-12.99 9.5, -12.12 9, -12.99 8.5, -12.99 9.5))
174	POLYGON ((-12.12 14, -12.12 15, -11.26 14.5, -12.12 14))
175	POLYGON ((-12.12 15, -12.12 14, -12.99 15.5, -12.12 15))
176	POLYGON ((-12.99 15.5, -12.12 14, -12.12 13, -12.99 11.5, -12.99 15.5))
177	POLYGON ((-12.12 13, -12.12 14, -11.26 13.5, -12.12 13))
178	POLYGON ((-11.26 13.5, -12.12 14, -11.26 14.5, -11.26 13.5))
179	POLYGON ((-11.26 14.5, -12.12 15, -11.26 15.5, -11.26 14.5))
180	POLYGON ((-12.12 11, -12.99 11.5, -12.12 12, -12.12 11))
181	POLYGON ((-12.12 12, -12.99 11.5, -12.12 13, -12.12 12))
182	POLYGON ((-4.33 14.5, -3.46 14, -4.33 13.5, -4.33 14.5))
183	POLYGON ((-3.46 14, -4.33 14.5, -3.46 15, -3.46 14))
184	POLYGON ((-4.33 14.5, -4.33 13.5, -5.2 14, -4.33 14.5))
185	POLYGON ((-3.46 15, -4.33 14.5, -4.33 15.5, -3.46 15))
186	POLYGON ((-4.33 15.5, -4.33 14.5, -5.2 15, -4.33 15.5))
187	POLYGON ((-4.33 14.5, -5.2 14, -5.2 15, -4.33 14.5))
188	POLYGON ((-5.2 15, -6.06 14.5, -6.06 15.5, -5.2 15))
189	POLYGON ((-6.06 14.5, -5.2 15, -5.2 14, -6.06 14.5))
190	POLYGON ((-4.33 18.5, -3.46 19, -3.46 18, -4.33 18.5))
191	POLYGON ((-3.46 19, -2.6 18.5, -3.46 18, -3.46 19))
192	POLYGON ((-4.33 17.5, -4.33 18.5, -3.46 18, -4.33 17.5))
193	POLYGON ((-1.73 18, -2.6 18.5, -1.73 19, -1.73 18))
194	POLYGON ((-2.6 18.5, -1.73 18, -2.6 17.5, -2.6 18.5))
195	POLYGON ((-2.6 17.5, -1.73 18, -1.73 17, -2.6 17.5))
196	POLYGON ((-1.73 18, -0.87 17.5, -1.73 17, -1.73 18))
197	POLYGON ((-0.87 17.5, -1.73 18, -0.87 18.5, -0.87 17.5))
198	POLYGON ((-0.87 18.5, -1.73 18, -1.73 19, -0.87 18.5))
199	POLYGON ((-3.46 18, -2.6 18.5, -2.6 17.5, -3.46 18))
200	POLYGON ((-1.73 17, -0.87 17.5, -0.87 16.5, -1.73 17))
201	POLYGON ((-0.87 16.5, -0.87 17.5, 0 17, -0.87 16.5))
202	POLYGON ((-1.73 17, -2.6 16.5, -2.6 17.5, -1.73 17))
203	POLYGON ((-2.6 16.5, -1.73 17, -1.73 16, -2.6 16.5))
204	POLYGON ((-1.73 16, -1.73 17, -0.87 16.5, -1.73 16))
205	POLYGON ((0.87 16.5, 0.87 15.5, 0 16, 0.87 16.5))
206	POLYGON ((0 17, 0.87 16.5, 0 16, 0 17))
207	POLYGON ((-0.87 16.5, 0 17, 0 16, -0.87 16.5))
208	POLYGON ((-3.46 18, -2.6 17.5, -3.46 17, -3.46 18))
209	POLYGON ((-2.6 17.5, -2.6 16.5, -3.46 17, -2.6 17.5))
210	POLYGON ((-4.33 16.5, -4.33 17.5, -3.46 17, -4.33 16.5))
211	POLYGON ((-4.33 17.5, -3.46 18, -3.46 17, -4.33 17.5))
212	POLYGON ((-3.46 16, -2.6 16.5, -2.6 15.5, -3.46 16))
213	POLYGON ((-2.6 16.5, -3.46 16, -3.46 17, -2.6 16.5))
214	POLYGON ((-3.46 16, -2.6 15.5, -3.46 15, -3.46 16))
215	POLYGON ((-3.46 16, -4.33 16.5, -3.46 17, -3.46 16))
216	POLYGON ((-4.33 16.5, -3.46 16, -4.33 15.5, -4.33 16.5))
217	POLYGON ((-4.33 15.5, -3.46 16, -3.46 15, -4.33 15.5))
218	POLYGON ((-2.6 16.5, -1.73 16, -2.6 15.5, -2.6 16.5))
219	POLYGON ((-2.6 15.5, -2.6 14.5, -3.46 15, -2.6 15.5))
220	POLYGON ((-2.6 14.5, -2.6 15.5, -1.73 15, -2.6 14.5))
221	POLYGON ((-1.73 15, -2.6 15.5, -1.73 16, -1.73 15))
222	POLYGON ((-3.46 15, -2.6 14.5, -3.46 14, -3.46 15))
223	POLYGON ((1.73 6, 0.87 6.5, 1.73 7, 1.73 6))
224	POLYGON ((1.73 5, 1.73 6, 2.6 6.5, 2.6 4.5, 1.73 5))
225	POLYGON ((2.6 6.5, 1.73 6, 1.73 7, 2.6 6.5))
226	POLYGON ((2.6 4.5, 2.6 6.5, 3.46 7, 2.6 4.5))
227	POLYGON ((2.6 6.5, 1.73 7, 2.6 7.5, 2.6 6.5))
228	POLYGON ((3.46 7, 2.6 6.5, 2.6 7.5, 3.46 7))
229	POLYGON ((0.87 7.5, 1.73 7, 0.87 6.5, 0.87 7.5))
230	POLYGON ((1.73 7, 0.87 7.5, 1.73 8, 1.73 7))
231	POLYGON ((1.73 8, 0.87 7.5, 0.87 8.5, 1.73 8))
232	POLYGON ((0.87 7.5, 0 8, 0.87 8.5, 0.87 7.5))
233	POLYGON ((0 8, 0.87 7.5, 0 7, 0 8))
234	POLYGON ((0 7, 0.87 7.5, 0.87 6.5, 0 7))
235	POLYGON ((2.6 7.5, 1.73 7, 1.73 8, 2.6 7.5))
236	POLYGON ((0.87 8.5, 0 8, 0 9, 0.87 8.5))
237	POLYGON ((0 9, 0 8, -0.87 8.5, 0 9))
238	POLYGON ((-6.93 16, -7.79 15.5, -7.79 16.5, -6.93 16))
239	POLYGON ((-7.79 15.5, -6.93 16, -6.93 15, -7.79 15.5))
240	POLYGON ((-6.93 16, -7.79 16.5, -6.93 17, -6.93 16))
241	POLYGON ((-6.93 16, -6.06 16.5, -6.06 15.5, -6.93 16))
242	POLYGON ((-6.06 16.5, -6.93 16, -6.93 17, -6.06 16.5))
243	POLYGON ((-6.93 16, -6.06 15.5, -6.93 15, -6.93 16))
244	POLYGON ((-7.79 16.5, -7.79 15.5, -8.66 16, -7.79 16.5))
245	POLYGON ((-8.66 16, -7.79 15.5, -8.66 15, -8.66 16))
246	POLYGON ((-8.66 15, -7.79 15.5, -7.79 14.5, -8.66 15))
247	POLYGON ((-7.79 15.5, -6.93 15, -7.79 14.5, -7.79 15.5))
248	POLYGON ((-6.93 15, -6.06 15.5, -6.06 14.5, -6.93 15))
249	POLYGON ((-7.79 14.5, -6.93 15, -6.93 14, -7.79 14.5))
250	POLYGON ((-6.93 14, -6.93 15, -6.06 14.5, -6.93 14))
251	POLYGON ((-7.79 17.5, -6.93 17, -7.79 16.5, -7.79 17.5))
252	POLYGON ((-7.79 17.5, -7.79 16.5, -8.66 17, -7.79 17.5))
253	POLYGON ((-7.79 16.5, -8.66 16, -8.66 17, -7.79 16.5))
254	POLYGON ((-8.66 18, -7.79 17.5, -8.66 17, -8.66 18))
255	POLYGON ((-9.53 17.5, -8.66 18, -8.66 17, -9.53 17.5))
256	POLYGON ((-7.79 14.5, -6.93 14, -7.79 13.5, -7.79 14.5))
257	POLYGON ((-7.79 14.5, -7.79 13.5, -8.66 14, -7.79 14.5))
258	POLYGON ((-8.66 15, -7.79 14.5, -8.66 14, -8.66 15))
259	POLYGON ((-7.79 13.5, -7.79 12.5, -8.66 13, -7.79 13.5))
260	POLYGON ((-7.79 12.5, -7.79 13.5, -6.93 13, -7.79 12.5))
261	POLYGON ((-6.93 13, -7.79 13.5, -6.93 14, -6.93 13))
262	POLYGON ((-7.79 13.5, -8.66 13, -8.66 14, -7.79 13.5))
263	POLYGON ((-7.79 12.5, -6.93 12, -7.79 11.5, -7.79 12.5))
264	POLYGON ((-6.93 12, -7.79 12.5, -6.93 13, -6.93 12))
265	POLYGON ((-8.66 13, -7.79 12.5, -8.66 12, -8.66 13))
266	POLYGON ((-7.79 12.5, -7.79 11.5, -8.66 12, -7.79 12.5))
267	POLYGON ((-11.26 12.5, -12.12 13, -11.26 13.5, -11.26 12.5))
268	POLYGON ((-12.12 13, -11.26 12.5, -12.12 12, -12.12 13))
269	POLYGON ((-12.12 12, -11.26 12.5, -11.26 11.5, -12.12 12))
270	POLYGON ((-11.26 12.5, -10.39 13, -10.39 12, -11.26 12.5))
271	POLYGON ((-10.39 13, -11.26 12.5, -11.26 13.5, -10.39 13))
272	POLYGON ((-11.26 12.5, -10.39 12, -11.26 11.5, -11.26 12.5))
273	POLYGON ((-12.12 11, -12.12 12, -11.26 11.5, -12.12 11))
274	POLYGON ((-11.26 13.5, -11.26 14.5, -10.39 14, -11.26 13.5))
275	POLYGON ((-11.26 13.5, -10.39 14, -10.39 13, -11.26 13.5))
276	POLYGON ((-7.79 10.5, -8.66 11, -7.79 11.5, -7.79 10.5))
277	POLYGON ((-8.66 11, -7.79 10.5, -8.66 10, -8.66 11))
278	POLYGON ((-7.79 10.5, -7.79 11.5, -6.93 11, -7.79 10.5))
279	POLYGON ((-7.79 10.5, -6.93 11, -6.93 10, -7.79 10.5))
280	POLYGON ((-7.79 10.5, -6.93 10, -7.79 9.5, -7.79 10.5))
281	POLYGON ((-8.66 10, -7.79 10.5, -7.79 9.5, -8.66 10))
282	POLYGON ((-7.79 11.5, -6.93 12, -6.93 11, -7.79 11.5))
283	POLYGON ((-8.66 12, -7.79 11.5, -8.66 11, -8.66 12))
284	POLYGON ((-5.2 14, -4.33 13.5, -5.2 13, -5.2 14))
285	POLYGON ((-4.33 13.5, -3.46 14, -3.46 13, -4.33 13.5))
286	POLYGON ((-5.2 13, -4.33 13.5, -4.33 12.5, -5.2 13))
287	POLYGON ((-4.33 13.5, -3.46 13, -4.33 12.5, -4.33 13.5))
288	POLYGON ((-6.06 13.5, -6.93 14, -6.06 14.5, -6.06 13.5))
289	POLYGON ((-6.93 14, -6.06 13.5, -6.93 13, -6.93 14))
290	POLYGON ((-6.93 13, -6.06 13.5, -6.06 12.5, -6.93 13))
291	POLYGON ((-6.06 13.5, -5.2 13, -6.06 12.5, -6.06 13.5))
292	POLYGON ((-5.2 13, -6.06 13.5, -5.2 14, -5.2 13))
293	POLYGON ((-5.2 14, -6.06 13.5, -6.06 14.5, -5.2 14))
294	POLYGON ((-6.93 12, -6.93 13, -6.06 12.5, -6.93 12))
295	POLYGON ((-6.06 12.5, -5.2 13, -5.2 12, -6.06 12.5))
296	POLYGON ((-5.2 13, -4.33 12.5, -5.2 12, -5.2 13))
297	POLYGON ((-10.39 5, -9.53 4.5, -10.39 4, -10.39 5))
298	POLYGON ((-9.53 4.5, -10.39 5, -9.53 5.5, -9.53 4.5))
299	POLYGON ((-9.53 5.5, -10.39 5, -10.39 6, -9.53 5.5))
300	POLYGON ((-10.39 5, -11.26 5.5, -10.39 6, -10.39 5))
301	POLYGON ((-12.12 6, -12.99 6.5, -12.12 7, -12.12 6))
302	POLYGON ((-12.99 6.5, -12.12 6, -12.99 5.5, -12.99 6.5))
303	POLYGON ((-12.99 5.5, -12.12 6, -11.26 5.5, -12.99 5.5))
304	POLYGON ((-11.26 5.5, -12.12 6, -11.26 6.5, -11.26 5.5))
305	POLYGON ((-11.26 6.5, -12.12 6, -12.12 7, -11.26 6.5))
306	POLYGON ((-10.39 6, -11.26 5.5, -11.26 6.5, -10.39 6))
307	POLYGON ((-10.39 6, -11.26 6.5, -10.39 7, -10.39 6))
308	POLYGON ((-10.39 7, -11.26 6.5, -11.26 7.5, -10.39 7))
309	POLYGON ((-11.26 7.5, -11.26 6.5, -12.12 7, -11.26 7.5))
310	POLYGON ((-6.93 2, -7.79 1.5, -7.79 2.5, -6.93 2))
311	POLYGON ((-7.79 1.5, -8.66 2, -7.79 2.5, -7.79 1.5))
312	POLYGON ((-12.99 7.5, -13.86 8, -12.99 8.5, -12.99 7.5))
313	POLYGON ((-13.86 8, -12.99 7.5, -13.86 7, -13.86 8))
314	POLYGON ((-12.99 7.5, -12.99 8.5, -12.12 8, -12.99 7.5))
315	POLYGON ((-13.86 7, -12.99 7.5, -12.99 6.5, -13.86 7))
316	POLYGON ((-12.99 6.5, -12.99 7.5, -12.12 7, -12.99 6.5))
317	POLYGON ((-12.12 7, -12.99 7.5, -12.12 8, -12.12 7))
318	POLYGON ((-12.99 8.5, -12.12 9, -12.12 8, -12.99 8.5))
319	POLYGON ((-11.26 7.5, -12.12 7, -12.12 8, -11.26 7.5))
320	POLYGON ((-5.2 1, -6.06 0.5, -6.06 1.5, -5.2 1))
321	POLYGON ((-6.06 0.5, -5.2 1, -6.06 -0.5, -6.06 0.5))
322	POLYGON ((-5.2 1, -6.06 1.5, -5.2 2, -5.2 1))
323	POLYGON ((-5.2 1, -5.2 2, -4.33 1.5, -5.2 1))
324	POLYGON ((-5.2 1, -4.33 1.5, -6.06 -0.5, -5.2 1))
325	POLYGON ((-2.6 1.5, -6.06 -0.5, -4.33 1.5, -2.6 1.5))
326	POLYGON ((-2.6 2.5, -3.46 2, -3.46 3, -2.6 2.5))
327	POLYGON ((-3.46 2, -2.6 2.5, -2.6 1.5, -3.46 2))
328	POLYGON ((-2.6 2.5, -3.46 3, -2.6 3.5, -2.6 2.5))
329	POLYGON ((-2.6 2.5, -1.73 2, -2.6 1.5, -2.6 2.5))
330	POLYGON ((-1.73 2, -2.6 2.5, -1.73 3, -1.73 2))
331	POLYGON ((-1.73 3, -2.6 2.5, -2.6 3.5, -1.73 3))
332	POLYGON ((-2.6 1.5, -4.33 1.5, -3.46 2, -2.6 1.5))
333	POLYGON ((-5.2 2, -6.06 1.5, -6.06 2.5, -5.2 2))
334	POLYGON ((-6.06 1.5, -6.93 2, -6.06 2.5, -6.06 1.5))
335	POLYGON ((-4.33 2.5, -4.33 3.5, -3.46 3, -4.33 2.5))
336	POLYGON ((-4.33 3.5, -4.33 2.5, -5.2 3, -4.33 3.5))
337	POLYGON ((-5.2 3, -4.33 2.5, -5.2 2, -5.2 3))
338	POLYGON ((-5.2 2, -4.33 2.5, -4.33 1.5, -5.2 2))
339	POLYGON ((-4.33 1.5, -4.33 2.5, -3.46 2, -4.33 1.5))
340	POLYGON ((-4.33 2.5, -3.46 3, -3.46 2, -4.33 2.5))
341	POLYGON ((-5.2 2, -6.06 2.5, -5.2 3, -5.2 2))
342	POLYGON ((0.87 4.5, 1.73 5, 1.73 4, 0.87 4.5))
343	POLYGON ((0.87 3.5, 0.87 4.5, 1.73 4, 0.87 3.5))
344	POLYGON ((1.73 5, 2.6 4.5, 1.73 4, 1.73 5))
345	POLYGON ((0.87 2.5, 0.87 3.5, 1.73 3, 0.87 2.5))
346	POLYGON ((1.73 2, 0.87 2.5, 1.73 3, 1.73 2))
347	POLYGON ((0.87 3.5, 1.73 4, 1.73 3, 0.87 3.5))
348	POLYGON ((2.6 2.5, 1.73 2, 1.73 3, 2.6 2.5))
349	POLYGON ((2.6 13.5, 3.46 13, 2.6 12.5, 2.6 13.5))
350	POLYGON ((3.46 13, 3.46 12, 2.6 12.5, 3.46 13))
351	POLYGON ((0.87 15.5, 2.6 13.5, 1.73 14, 0.87 15.5))
352	POLYGON ((0 16, 0.87 15.5, 0 15, 0 16))
353	POLYGON ((0.87 15.5, 1.73 14, 0.87 14.5, 0.87 15.5))
354	POLYGON ((0 15, 0.87 15.5, 0.87 14.5, 0 15))
355	POLYGON ((0 15, 0.87 14.5, 0 14, 0 15))
356	POLYGON ((0.87 14.5, 1.73 14, 0.87 13.5, 0.87 14.5))
357	POLYGON ((0 14, 0.87 14.5, 0.87 13.5, 0 14))
358	POLYGON ((-1.73 6, -2.6 5.5, -2.6 6.5, -1.73 6))
359	POLYGON ((-2.6 5.5, -1.73 6, -1.73 5, -2.6 5.5))
360	POLYGON ((-1.73 5, -1.73 6, -0.87 5.5, -1.73 5))
361	POLYGON ((-0.87 5.5, -1.73 6, -0.87 6.5, -0.87 5.5))
362	POLYGON ((-1.73 6, -2.6 6.5, -1.73 7, -1.73 6))
363	POLYGON ((-0.87 6.5, -1.73 6, -1.73 7, -0.87 6.5))
364	POLYGON ((-2.6 5.5, -1.73 5, -2.6 4.5, -2.6 5.5))
365	POLYGON ((-2.6 7.5, -1.73 7, -2.6 6.5, -2.6 7.5))
366	POLYGON ((-11.26 10.5, -10.39 11, -10.39 10, -11.26 10.5))
367	POLYGON ((-10.39 11, -11.26 10.5, -11.26 11.5, -10.39 11))
368	POLYGON ((-11.26 10.5, -10.39 10, -11.26 9.5, -11.26 10.5))
369	POLYGON ((-11.26 10.5, -12.12 10, -12.12 11, -11.26 10.5))
370	POLYGON ((-12.12 10, -11.26 10.5, -11.26 9.5, -12.12 10))
371	POLYGON ((-11.26 10.5, -12.12 11, -11.26 11.5, -11.26 10.5))
372	POLYGON ((-12.12 9, -12.12 10, -11.26 9.5, -12.12 9))
373	POLYGON ((-10.39 11, -11.26 11.5, -10.39 12, -10.39 11))
374	POLYGON ((-11.26 8.5, -12.12 8, -12.12 9, -11.26 8.5))
375	POLYGON ((-12.12 8, -11.26 8.5, -11.26 7.5, -12.12 8))
376	POLYGON ((-11.26 8.5, -12.12 9, -11.26 9.5, -11.26 8.5))
377	POLYGON ((-11.26 8.5, -10.39 8, -11.26 7.5, -11.26 8.5))
378	POLYGON ((-10.39 8, -11.26 8.5, -10.39 9, -10.39 8))
379	POLYGON ((-10.39 9, -11.26 8.5, -11.26 9.5, -10.39 9))
380	POLYGON ((-10.39 9, -11.26 9.5, -10.39 10, -10.39 9))
381	POLYGON ((-10.39 7, -11.26 7.5, -10.39 8, -10.39 7))
382	POLYGON ((-9.53 10.5, -10.39 11, -9.53 11.5, -9.53 10.5))
383	POLYGON ((-10.39 11, -9.53 10.5, -10.39 10, -10.39 11))
384	POLYGON ((-10.39 10, -9.53 10.5, -9.53 9.5, -10.39 10))
385	POLYGON ((-9.53 10.5, -8.66 10, -9.53 9.5, -9.53 10.5))
386	POLYGON ((-8.66 10, -9.53 10.5, -8.66 11, -8.66 10))
387	POLYGON ((-8.66 11, -9.53 10.5, -9.53 11.5, -8.66 11))
388	POLYGON ((-10.39 11, -10.39 12, -9.53 11.5, -10.39 11))
389	POLYGON ((-10.39 9, -10.39 10, -9.53 9.5, -10.39 9))
390	POLYGON ((-8.66 10, -7.79 9.5, -8.66 9, -8.66 10))
391	POLYGON ((-9.53 9.5, -8.66 10, -8.66 9, -9.53 9.5))
392	POLYGON ((-8.66 12, -8.66 11, -9.53 11.5, -8.66 12))
393	POLYGON ((-3.46 13, -3.46 14, -2.6 13.5, -3.46 13))
394	POLYGON ((-3.46 14, -2.6 14.5, -2.6 13.5, -3.46 14))
395	POLYGON ((-1.73 16, -0.87 16.5, -0.87 15.5, -1.73 16))
396	POLYGON ((-1.73 15, -1.73 16, -0.87 15.5, -1.73 15))
397	POLYGON ((0 16, 0 15, -0.87 15.5, 0 16))
398	POLYGON ((-0.87 16.5, 0 16, -0.87 15.5, -0.87 16.5))
399	POLYGON ((-9.53 8.5, -10.39 8, -10.39 9, -9.53 8.5))
400	POLYGON ((-10.39 8, -9.53 8.5, -9.53 7.5, -10.39 8))
401	POLYGON ((-9.53 8.5, -10.39 9, -9.53 9.5, -9.53 8.5))
402	POLYGON ((-9.53 8.5, -8.66 8, -9.53 7.5, -9.53 8.5))
403	POLYGON ((-8.66 8, -9.53 8.5, -8.66 9, -8.66 8))
404	POLYGON ((-8.66 9, -9.53 8.5, -9.53 9.5, -8.66 9))
405	POLYGON ((-10.39 7, -10.39 8, -9.53 7.5, -10.39 7))
406	POLYGON ((-8.66 8, -8.66 9, -7.79 8.5, -8.66 8))
407	POLYGON ((-7.79 8.5, -8.66 9, -7.79 9.5, -7.79 8.5))
408	POLYGON ((-3.46 10, -4.33 9.5, -4.33 10.5, -3.46 10))
409	POLYGON ((-4.33 9.5, -4.33 8.5, -5.2 9, -4.33 9.5))
410	POLYGON ((-4.33 10.5, -4.33 9.5, -5.2 10, -4.33 10.5))
411	POLYGON ((-5.2 10, -4.33 9.5, -5.2 9, -5.2 10))
412	POLYGON ((-5.2 10, -6.06 10.5, -5.2 11, -5.2 10))
413	POLYGON ((-6.06 10.5, -5.2 10, -6.06 9.5, -6.06 10.5))
414	POLYGON ((-6.06 9.5, -5.2 10, -5.2 9, -6.06 9.5))
415	POLYGON ((-4.33 10.5, -5.2 10, -5.2 11, -4.33 10.5))
416	POLYGON ((-4.33 8.5, -3.46 8, -4.33 7.5, -4.33 8.5))
417	POLYGON ((-5.2 9, -4.33 8.5, -5.2 8, -5.2 9))
418	POLYGON ((-5.2 8, -4.33 8.5, -4.33 7.5, -5.2 8))
419	POLYGON ((-7.79 9.5, -6.93 10, -6.93 9, -7.79 9.5))
420	POLYGON ((-7.79 8.5, -7.79 9.5, -6.93 9, -7.79 8.5))
421	POLYGON ((-6.93 10, -6.06 10.5, -6.06 9.5, -6.93 10))
422	POLYGON ((-6.06 10.5, -6.93 10, -6.93 11, -6.06 10.5))
423	POLYGON ((-6.93 10, -6.06 9.5, -6.93 9, -6.93 10))
424	POLYGON ((-6.06 8.5, -5.2 8, -6.06 7.5, -6.06 8.5))
425	POLYGON ((-5.2 8, -6.06 8.5, -5.2 9, -5.2 8))
426	POLYGON ((-6.06 8.5, -6.06 7.5, -6.93 8, -6.06 8.5))
427	POLYGON ((-6.06 8.5, -6.93 8, -6.93 9, -6.06 8.5))
428	POLYGON ((-5.2 9, -6.06 8.5, -6.06 9.5, -5.2 9))
429	POLYGON ((-6.06 8.5, -6.93 9, -6.06 9.5, -6.06 8.5))
430	POLYGON ((-6.93 9, -6.93 8, -7.79 8.5, -6.93 9))
431	POLYGON ((-2.6 5.5, -2.6 4.5, -3.46 5, -2.6 5.5))
432	POLYGON ((-2.6 5.5, -3.46 6, -2.6 6.5, -2.6 5.5))
433	POLYGON ((-3.46 6, -2.6 5.5, -3.46 5, -3.46 6))
434	POLYGON ((-9.53 2.5, -10.39 3, -9.53 3.5, -9.53 2.5))
435	POLYGON ((-10.39 3, -10.39 4, -9.53 3.5, -10.39 3))
436	POLYGON ((-10.39 4, -9.53 4.5, -9.53 3.5, -10.39 4))
437	POLYGON ((2.6 7.5, 1.73 8, 2.6 8.5, 2.6 7.5))
438	POLYGON ((2.6 7.5, 2.6 8.5, 3.46 8, 2.6 7.5))
439	POLYGON ((3.46 7, 2.6 7.5, 3.46 8, 3.46 7))
440	POLYGON ((2.6 8.5, 1.73 8, 1.73 9, 2.6 8.5))
441	POLYGON ((1.73 8, 0.87 8.5, 1.73 9, 1.73 8))
442	POLYGON ((5.2 10, 5.2 9, 4.33 9.5, 5.2 10))
443	POLYGON ((4.33 10.5, 5.2 10, 4.33 9.5, 4.33 10.5))
444	POLYGON ((4.33 10.5, 4.33 9.5, 3.46 10, 4.33 10.5))
445	POLYGON ((4.33 11.5, 4.33 10.5, 3.46 11, 4.33 11.5))
446	POLYGON ((4.33 10.5, 3.46 10, 3.46 11, 4.33 10.5))
447	POLYGON ((3.46 12, 4.33 11.5, 3.46 11, 3.46 12))
448	POLYGON ((2.6 12.5, 3.46 12, 2.6 11.5, 2.6 12.5))
449	POLYGON ((2.6 11.5, 3.46 12, 3.46 11, 2.6 11.5))
450	POLYGON ((-9.53 16.5, -9.53 17.5, -8.66 17, -9.53 16.5))
451	POLYGON ((-9.53 17.5, -9.53 16.5, -10.39 17, -9.53 17.5))
452	POLYGON ((-10.39 17, -9.53 16.5, -10.39 16, -10.39 17))
453	POLYGON ((-9.53 16.5, -8.66 17, -8.66 16, -9.53 16.5))
454	POLYGON ((-10.39 16, -9.53 16.5, -9.53 15.5, -10.39 16))
455	POLYGON ((-9.53 16.5, -8.66 16, -9.53 15.5, -9.53 16.5))
456	POLYGON ((-9.53 15.5, -8.66 16, -8.66 15, -9.53 15.5))
457	POLYGON ((-11.26 14.5, -11.26 15.5, -10.39 15, -11.26 14.5))
458	POLYGON ((-10.39 14, -11.26 14.5, -10.39 15, -10.39 14))
459	POLYGON ((-11.26 15.5, -10.39 16, -10.39 15, -11.26 15.5))
460	POLYGON ((-10.39 16, -9.53 15.5, -10.39 15, -10.39 16))
461	POLYGON ((-9.53 14.5, -9.53 13.5, -10.39 14, -9.53 14.5))
462	POLYGON ((-9.53 13.5, -9.53 14.5, -8.66 14, -9.53 13.5))
463	POLYGON ((-9.53 14.5, -10.39 14, -10.39 15, -9.53 14.5))
464	POLYGON ((-8.66 14, -9.53 14.5, -8.66 15, -8.66 14))
465	POLYGON ((-8.66 15, -9.53 14.5, -9.53 15.5, -8.66 15))
466	POLYGON ((-9.53 14.5, -10.39 15, -9.53 15.5, -9.53 14.5))
467	POLYGON ((-10.39 13, -10.39 14, -9.53 13.5, -10.39 13))
468	POLYGON ((-8.66 14, -8.66 13, -9.53 13.5, -8.66 14))
469	POLYGON ((-9.53 12.5, -9.53 11.5, -10.39 12, -9.53 12.5))
470	POLYGON ((-9.53 11.5, -9.53 12.5, -8.66 12, -9.53 11.5))
471	POLYGON ((-9.53 12.5, -10.39 12, -10.39 13, -9.53 12.5))
472	POLYGON ((-8.66 12, -9.53 12.5, -8.66 13, -8.66 12))
473	POLYGON ((-9.53 12.5, -10.39 13, -9.53 13.5, -9.53 12.5))
474	POLYGON ((-8.66 13, -9.53 12.5, -9.53 13.5, -8.66 13))
475	POLYGON ((-6.06 11.5, -6.93 11, -6.93 12, -6.06 11.5))
476	POLYGON ((-6.93 11, -6.06 11.5, -6.06 10.5, -6.93 11))
477	POLYGON ((-6.06 11.5, -6.93 12, -6.06 12.5, -6.06 11.5))
478	POLYGON ((-6.06 11.5, -5.2 12, -5.2 11, -6.06 11.5))
479	POLYGON ((-5.2 12, -6.06 11.5, -6.06 12.5, -5.2 12))
480	POLYGON ((-6.06 11.5, -5.2 11, -6.06 10.5, -6.06 11.5))
481	POLYGON ((-5.2 11, -5.2 12, -4.33 11.5, -5.2 11))
482	POLYGON ((-4.33 11.5, -5.2 12, -4.33 12.5, -4.33 11.5))
483	POLYGON ((-4.33 10.5, -5.2 11, -4.33 11.5, -4.33 10.5))
484	POLYGON ((2.6 3.5, 1.73 4, 2.6 4.5, 2.6 3.5))
485	POLYGON ((1.73 4, 2.6 3.5, 1.73 3, 1.73 4))
486	POLYGON ((2.6 3.5, 2.6 4.5, 3.46 7, 2.6 3.5))
487	POLYGON ((1.73 3, 2.6 3.5, 2.6 2.5, 1.73 3))
488	POLYGON ((2.6 2.5, 2.6 3.5, 5.2 9, 2.6 2.5))
489	POLYGON ((5.2 9, 2.6 3.5, 3.46 7, 5.2 9))
490	POLYGON ((4.33 9.5, 5.2 9, 4.33 8.5, 4.33 9.5))
491	POLYGON ((4.33 8.5, 5.2 9, 3.46 7, 4.33 8.5))
492	POLYGON ((3.46 7, 3.46 8, 4.33 8.5, 3.46 7))
493	POLYGON ((0 9, -0.87 8.5, -0.87 9.5, 0 9))
494	POLYGON ((-0.87 8.5, -1.73 9, -0.87 9.5, -0.87 8.5))
495	POLYGON ((1.73 14, 2.6 13.5, 1.73 13, 1.73 14))
496	POLYGON ((2.6 13.5, 2.6 12.5, 1.73 13, 2.6 13.5))
497	POLYGON ((0.87 13.5, 1.73 14, 1.73 13, 0.87 13.5))
498	POLYGON ((-10.39 6, -10.39 7, -9.53 6.5, -10.39 6))
499	POLYGON ((-9.53 5.5, -10.39 6, -9.53 6.5, -9.53 5.5))
500	POLYGON ((-10.39 7, -9.53 7.5, -9.53 6.5, -10.39 7))
501	POLYGON ((-5.2 8, -4.33 7.5, -5.2 7, -5.2 8))
502	POLYGON ((-6.06 7.5, -5.2 8, -5.2 7, -6.06 7.5))
503	POLYGON ((-6.93 8, -6.06 7.5, -6.93 7, -6.93 8))
504	POLYGON ((-6.93 7, -6.06 7.5, -6.06 6.5, -6.93 7))
505	POLYGON ((-6.06 6.5, -6.06 7.5, -5.2 7, -6.06 6.5))
506	POLYGON ((-7.79 8.5, -6.93 8, -7.79 7.5, -7.79 8.5))
507	POLYGON ((-6.93 8, -6.93 7, -7.79 7.5, -6.93 8))
508	POLYGON ((-8.66 8, -7.79 8.5, -7.79 7.5, -8.66 8))
509	POLYGON ((-7.79 7.5, -6.93 7, -7.79 6.5, -7.79 7.5))
510	POLYGON ((-6.93 7, -6.06 6.5, -6.93 6, -6.93 7))
511	POLYGON ((-6.93 7, -6.93 6, -7.79 6.5, -6.93 7))
512	POLYGON ((-2.6 7.5, -2.6 6.5, -3.46 7, -2.6 7.5))
513	POLYGON ((-2.6 6.5, -3.46 6, -3.46 7, -2.6 6.5))
514	POLYGON ((-3.46 8, -2.6 7.5, -3.46 7, -3.46 8))
515	POLYGON ((-4.33 7.5, -3.46 8, -3.46 7, -4.33 7.5))
516	POLYGON ((-2.6 4.5, -2.6 3.5, -3.46 4, -2.6 4.5))
517	POLYGON ((-3.46 5, -2.6 4.5, -3.46 4, -3.46 5))
518	POLYGON ((-2.6 3.5, -3.46 3, -3.46 4, -2.6 3.5))
519	POLYGON ((-3.46 3, -4.33 3.5, -3.46 4, -3.46 3))
520	POLYGON ((-5.2 3, -6.06 2.5, -6.06 3.5, -5.2 3))
521	POLYGON ((-6.06 3.5, -6.06 2.5, -6.93 3, -6.06 3.5))
522	POLYGON ((-6.06 2.5, -6.93 2, -6.93 3, -6.06 2.5))
523	POLYGON ((-6.93 2, -7.79 2.5, -6.93 3, -6.93 2))
524	POLYGON ((-8.66 2, -9.53 2.5, -8.66 3, -8.66 2))
525	POLYGON ((-7.79 2.5, -8.66 2, -8.66 3, -7.79 2.5))
526	POLYGON ((-9.53 2.5, -9.53 3.5, -8.66 3, -9.53 2.5))
527	POLYGON ((0.87 8.5, 0 9, 0.87 9.5, 0.87 8.5))
528	POLYGON ((1.73 9, 0.87 8.5, 0.87 9.5, 1.73 9))
529	POLYGON ((3.46 10, 4.33 9.5, 3.46 9, 3.46 10))
530	POLYGON ((4.33 9.5, 4.33 8.5, 3.46 9, 4.33 9.5))
531	POLYGON ((4.33 8.5, 3.46 8, 3.46 9, 4.33 8.5))
532	POLYGON ((3.46 8, 2.6 8.5, 3.46 9, 3.46 8))
533	POLYGON ((2.6 12.5, 2.6 11.5, 1.73 12, 2.6 12.5))
534	POLYGON ((1.73 13, 2.6 12.5, 1.73 12, 1.73 13))
535	POLYGON ((3.46 11, 3.46 10, 2.6 10.5, 3.46 11))
536	POLYGON ((2.6 11.5, 3.46 11, 2.6 10.5, 2.6 11.5))
537	POLYGON ((1.73 12, 2.6 11.5, 1.73 11, 1.73 12))
538	POLYGON ((1.73 11, 2.6 11.5, 2.6 10.5, 1.73 11))
539	POLYGON ((-1.73 9, -2.6 9.5, -1.73 10, -1.73 9))
540	POLYGON ((-0.87 9.5, -1.73 9, -1.73 10, -0.87 9.5))
541	POLYGON ((-2.6 9.5, -3.46 10, -2.6 10.5, -2.6 9.5))
542	POLYGON ((-2.6 9.5, -2.6 10.5, -1.73 10, -2.6 9.5))
543	POLYGON ((-4.33 12.5, -3.46 13, -3.46 12, -4.33 12.5))
544	POLYGON ((-4.33 11.5, -4.33 12.5, -3.46 12, -4.33 11.5))
545	POLYGON ((0 15, 0 14, -0.87 14.5, 0 15))
546	POLYGON ((0 14, 0.87 13.5, 0 13, 0 14))
547	POLYGON ((0 14, -0.87 13.5, -0.87 14.5, 0 14))
548	POLYGON ((-0.87 13.5, 0 14, 0 13, -0.87 13.5))
549	POLYGON ((-0.87 15.5, 0 15, -0.87 14.5, -0.87 15.5))
550	POLYGON ((-1.73 15, -0.87 15.5, -0.87 14.5, -1.73 15))
551	POLYGON ((-8.66 7, -7.79 7.5, -7.79 6.5, -8.66 7))
552	POLYGON ((-7.79 7.5, -8.66 7, -8.66 8, -7.79 7.5))
553	POLYGON ((-8.66 8, -8.66 7, -9.53 7.5, -8.66 8))
554	POLYGON ((-8.66 7, -7.79 6.5, -8.66 6, -8.66 7))
555	POLYGON ((-8.66 7, -8.66 6, -9.53 6.5, -8.66 7))
556	POLYGON ((-9.53 7.5, -8.66 7, -9.53 6.5, -9.53 7.5))
557	POLYGON ((-7.79 6.5, -6.93 6, -7.79 5.5, -7.79 6.5))
558	POLYGON ((-7.79 6.5, -7.79 5.5, -8.66 6, -7.79 6.5))
559	POLYGON ((-9.53 5.5, -9.53 6.5, -8.66 6, -9.53 5.5))
560	POLYGON ((-3.46 7, -3.46 6, -4.33 6.5, -3.46 7))
561	POLYGON ((-3.46 6, -3.46 5, -4.33 5.5, -3.46 6))
562	POLYGON ((-3.46 6, -4.33 5.5, -4.33 6.5, -3.46 6))
563	POLYGON ((-4.33 7.5, -3.46 7, -4.33 6.5, -4.33 7.5))
564	POLYGON ((-5.2 7, -4.33 7.5, -4.33 6.5, -5.2 7))
565	POLYGON ((-4.33 5.5, -3.46 5, -4.33 4.5, -4.33 5.5))
566	POLYGON ((-3.46 5, -3.46 4, -4.33 4.5, -3.46 5))
567	POLYGON ((-3.46 4, -4.33 3.5, -4.33 4.5, -3.46 4))
568	POLYGON ((-4.33 5.5, -4.33 4.5, -5.2 5, -4.33 5.5))
569	POLYGON ((-4.33 5.5, -5.2 5, -5.2 6, -4.33 5.5))
570	POLYGON ((-4.33 6.5, -4.33 5.5, -5.2 6, -4.33 6.5))
571	POLYGON ((-5.2 7, -4.33 6.5, -5.2 6, -5.2 7))
572	POLYGON ((-6.06 6.5, -5.2 7, -5.2 6, -6.06 6.5))
573	POLYGON ((-6.06 3.5, -6.93 3, -6.93 4, -6.06 3.5))
574	POLYGON ((-6.93 4, -6.93 3, -7.79 3.5, -6.93 4))
575	POLYGON ((-6.93 3, -7.79 2.5, -7.79 3.5, -6.93 3))
576	POLYGON ((-7.79 2.5, -8.66 3, -7.79 3.5, -7.79 2.5))
577	POLYGON ((-9.53 3.5, -9.53 4.5, -8.66 4, -9.53 3.5))
578	POLYGON ((-8.66 3, -9.53 3.5, -8.66 4, -8.66 3))
579	POLYGON ((-7.79 3.5, -8.66 3, -8.66 4, -7.79 3.5))
580	POLYGON ((0 10, 0 11, 0.87 10.5, 0 10))
581	POLYGON ((0 11, 0 10, -0.87 10.5, 0 11))
582	POLYGON ((0 10, 0.87 10.5, 0.87 9.5, 0 10))
583	POLYGON ((0 10, 0.87 9.5, 0 9, 0 10))
584	POLYGON ((0 10, 0 9, -0.87 9.5, 0 10))
585	POLYGON ((0 10, -0.87 9.5, -0.87 10.5, 0 10))
586	POLYGON ((-0.87 9.5, -1.73 10, -0.87 10.5, -0.87 9.5))
587	POLYGON ((2.6 8.5, 1.73 9, 2.6 9.5, 2.6 8.5))
588	POLYGON ((3.46 9, 2.6 8.5, 2.6 9.5, 3.46 9))
589	POLYGON ((3.46 10, 3.46 9, 2.6 9.5, 3.46 10))
590	POLYGON ((2.6 10.5, 3.46 10, 2.6 9.5, 2.6 10.5))
591	POLYGON ((0.87 12.5, 0.87 11.5, 0 12, 0.87 12.5))
592	POLYGON ((0.87 11.5, 0.87 12.5, 1.73 12, 0.87 11.5))
593	POLYGON ((0.87 12.5, 0 12, 0 13, 0.87 12.5))
594	POLYGON ((1.73 12, 0.87 12.5, 1.73 13, 1.73 12))
595	POLYGON ((0.87 12.5, 0 13, 0.87 13.5, 0.87 12.5))
596	POLYGON ((1.73 13, 0.87 12.5, 0.87 13.5, 1.73 13))
597	POLYGON ((0.87 11.5, 0 11, 0 12, 0.87 11.5))
598	POLYGON ((0 11, 0.87 11.5, 0.87 10.5, 0 11))
599	POLYGON ((0.87 10.5, 0.87 11.5, 1.73 11, 0.87 10.5))
600	POLYGON ((1.73 11, 0.87 11.5, 1.73 12, 1.73 11))
601	POLYGON ((-4.33 10.5, -4.33 11.5, -3.46 11, -4.33 10.5))
602	POLYGON ((-4.33 11.5, -3.46 12, -3.46 11, -4.33 11.5))
603	POLYGON ((-3.46 10, -4.33 10.5, -3.46 11, -3.46 10))
604	POLYGON ((-2.6 10.5, -3.46 10, -3.46 11, -2.6 10.5))
605	POLYGON ((-0.87 10.5, -1.73 10, -1.73 11, -0.87 10.5))
606	POLYGON ((-1.73 10, -2.6 10.5, -1.73 11, -1.73 10))
607	POLYGON ((-2.6 14.5, -1.73 15, -1.73 14, -2.6 14.5))
608	POLYGON ((-2.6 13.5, -2.6 14.5, -1.73 14, -2.6 13.5))
609	POLYGON ((-1.73 15, -0.87 14.5, -1.73 14, -1.73 15))
610	POLYGON ((-0.87 14.5, -0.87 13.5, -1.73 14, -0.87 14.5))
611	POLYGON ((-4.33 4.5, -4.33 3.5, -5.2 4, -4.33 4.5))
612	POLYGON ((-5.2 5, -4.33 4.5, -5.2 4, -5.2 5))
613	POLYGON ((-4.33 3.5, -5.2 3, -5.2 4, -4.33 3.5))
614	POLYGON ((-5.2 3, -6.06 3.5, -5.2 4, -5.2 3))
615	POLYGON ((-6.93 6, -6.06 6.5, -6.06 5.5, -6.93 6))
616	POLYGON ((-6.06 6.5, -5.2 6, -6.06 5.5, -6.06 6.5))
617	POLYGON ((-6.93 6, -6.93 5, -7.79 5.5, -6.93 6))
618	POLYGON ((-6.93 5, -6.93 6, -6.06 5.5, -6.93 5))
619	POLYGON ((-5.2 6, -5.2 5, -6.06 5.5, -5.2 6))
620	POLYGON ((-6.93 4, -7.79 3.5, -7.79 4.5, -6.93 4))
621	POLYGON ((-7.79 3.5, -8.66 4, -7.79 4.5, -7.79 3.5))
622	POLYGON ((-8.66 5, -8.66 6, -7.79 5.5, -8.66 5))
623	POLYGON ((-8.66 6, -8.66 5, -9.53 5.5, -8.66 6))
624	POLYGON ((-9.53 5.5, -8.66 5, -9.53 4.5, -9.53 5.5))
625	POLYGON ((-9.53 4.5, -8.66 5, -8.66 4, -9.53 4.5))
626	POLYGON ((-8.66 4, -8.66 5, -7.79 4.5, -8.66 4))
627	POLYGON ((-8.66 5, -7.79 5.5, -7.79 4.5, -8.66 5))
628	POLYGON ((-7.79 5.5, -6.93 5, -7.79 4.5, -7.79 5.5))
629	POLYGON ((-7.79 4.5, -6.93 5, -6.93 4, -7.79 4.5))
630	POLYGON ((1.73 10, 0.87 9.5, 0.87 10.5, 1.73 10))
631	POLYGON ((0.87 9.5, 1.73 10, 1.73 9, 0.87 9.5))
632	POLYGON ((1.73 10, 0.87 10.5, 1.73 11, 1.73 10))
633	POLYGON ((1.73 10, 2.6 9.5, 1.73 9, 1.73 10))
634	POLYGON ((2.6 9.5, 1.73 10, 2.6 10.5, 2.6 9.5))
635	POLYGON ((2.6 10.5, 1.73 10, 1.73 11, 2.6 10.5))
636	POLYGON ((-3.46 11, -3.46 12, -2.6 11.5, -3.46 11))
637	POLYGON ((-2.6 10.5, -3.46 11, -2.6 11.5, -2.6 10.5))
638	POLYGON ((-1.73 11, -2.6 10.5, -2.6 11.5, -1.73 11))
639	POLYGON ((-0.87 13.5, 0 13, -0.87 12.5, -0.87 13.5))
640	POLYGON ((0 13, 0 12, -0.87 12.5, 0 13))
641	POLYGON ((-6.06 4.5, -6.06 3.5, -6.93 4, -6.06 4.5))
642	POLYGON ((-6.06 3.5, -6.06 4.5, -5.2 4, -6.06 3.5))
643	POLYGON ((-6.06 4.5, -6.93 4, -6.93 5, -6.06 4.5))
644	POLYGON ((-5.2 4, -6.06 4.5, -5.2 5, -5.2 4))
645	POLYGON ((-6.06 4.5, -6.93 5, -6.06 5.5, -6.06 4.5))
646	POLYGON ((-5.2 5, -6.06 4.5, -6.06 5.5, -5.2 5))
647	POLYGON ((0 12, 0 11, -0.87 11.5, 0 12))
648	POLYGON ((-0.87 12.5, 0 12, -0.87 11.5, -0.87 12.5))
649	POLYGON ((0 11, -0.87 10.5, -0.87 11.5, 0 11))
650	POLYGON ((-0.87 10.5, -1.73 11, -0.87 11.5, -0.87 10.5))
651	POLYGON ((-3.46 12, -3.46 13, -2.6 12.5, -3.46 12))
652	POLYGON ((-2.6 11.5, -3.46 12, -2.6 12.5, -2.6 11.5))
653	POLYGON ((-3.46 13, -2.6 13.5, -2.6 12.5, -3.46 13))
654	POLYGON ((-2.6 11.5, -2.6 12.5, -1.73 12, -2.6 11.5))
655	POLYGON ((-1.73 11, -2.6 11.5, -1.73 12, -1.73 11))
656	POLYGON ((-0.87 11.5, -1.73 11, -1.73 12, -0.87 11.5))
657	POLYGON ((-0.87 12.5, -0.87 11.5, -1.73 12, -0.87 12.5))
658	POLYGON ((-1.73 13, -0.87 12.5, -1.73 12, -1.73 13))
659	POLYGON ((-0.87 12.5, -1.73 13, -0.87 13.5, -0.87 12.5))
660	POLYGON ((-0.87 13.5, -1.73 13, -1.73 14, -0.87 13.5))
661	POLYGON ((-1.73 13, -2.6 12.5, -2.6 13.5, -1.73 13))
662	POLYGON ((-2.6 12.5, -1.73 13, -1.73 12, -2.6 12.5))
663	POLYGON ((-1.73 13, -2.6 13.5, -1.73 14, -1.73 13))
